##FastQC	0.11.5
>>Basic Statistics	pass
#Measure	Value
Filename	04-R1.qfilter.fastq.gz
File type	Conventional base calls
Encoding	Sanger / Illumina 1.9
Total Sequences	310338
Sequences flagged as poor quality	0
Sequence length	50-150
%GC	40
>>END_MODULE
>>Per base sequence quality	pass
#Base	Mean	Median	Lower Quartile	Upper Quartile	10th Percentile	90th Percentile
1	32.37005136335222	33.0	32.0	33.0	32.0	34.0
2	32.69454594667749	33.0	32.0	34.0	32.0	34.0
3	32.895336697407345	33.0	32.0	34.0	32.0	34.0
4	32.95712094554969	33.0	32.0	34.0	32.0	34.0
5	32.892900643814166	33.0	32.0	34.0	32.0	34.0
6	36.09657212458674	37.0	37.0	37.0	33.0	37.0
7	36.0297546546024	37.0	37.0	37.0	33.0	37.0
8	35.848320218600364	37.0	37.0	37.0	33.0	37.0
9	35.914664011497145	37.0	37.0	37.0	33.0	37.0
10-14	36.5265226946104	37.4	36.6	37.4	34.6	37.4
15-19	37.50363925784145	38.0	38.0	38.0	37.0	38.0
20-24	37.76979229098596	38.4	38.0	38.4	37.0	38.4
25-29	38.211618944505666	39.0	38.0	39.0	37.0	39.0
30-34	38.18455812694546	39.0	38.0	39.0	37.0	39.0
35-39	38.18492804619479	39.0	38.0	39.0	37.0	39.0
40-44	38.202899419342785	39.0	38.0	39.0	37.0	39.0
45-49	38.2123632942147	39.0	38.0	39.0	37.0	39.0
50-54	38.2198968592931	39.0	38.0	39.0	37.0	39.0
55-59	38.169920652493914	39.0	38.0	39.0	37.0	39.0
60-64	38.2352983819794	39.0	38.0	39.0	37.0	39.0
65-69	38.24403772993249	39.0	38.0	39.0	37.0	39.0
70-74	38.195334765808674	39.0	38.0	39.0	37.0	39.0
75-79	38.18281589027329	39.0	38.0	39.0	37.0	39.0
80-84	38.17217029468556	39.0	38.0	39.0	37.0	39.0
85-89	38.19413917400555	39.0	38.0	39.0	37.0	39.0
90-94	38.193576295591825	39.0	38.0	39.0	37.0	39.0
95-99	38.151149475759624	39.0	38.0	39.0	37.0	39.0
100-104	38.1529203111278	39.0	38.0	39.0	37.0	39.0
105-109	38.10518101595012	39.0	38.0	39.0	37.0	39.0
110-114	38.13122926139214	39.0	38.0	39.0	37.0	39.0
115-119	38.0759505132778	39.0	38.0	39.0	37.0	39.0
120-124	38.0956043289376	39.0	38.0	39.0	37.0	39.0
125-129	38.10009312601265	39.0	38.0	39.0	37.0	39.0
130-134	38.006013742250914	39.0	38.0	39.0	37.0	39.0
135-139	38.022244326490856	39.0	38.0	39.0	37.0	39.0
140-144	37.98827127995206	39.0	38.0	39.0	37.0	39.0
145-149	37.95887694932556	39.0	38.0	39.0	36.8	39.0
150	38.15093279509285	39.0	38.0	39.0	37.0	39.0
>>END_MODULE
>>Per tile sequence quality	pass
#Tile	Base	Mean
1101	1	0.7866597324098521
1101	2	0.592725676843159
1101	3	0.5567961599258311
1101	4	0.5303095559447115
1101	5	0.5593075336557689
1101	6	0.17787926814128951
1101	7	0.4072836859052842
1101	8	0.43286931980568255
1101	9	0.23480814643079384
1101	10-14	0.28073479993235395
1101	15-19	0.31384306897561487
1101	20-24	0.32123976563044465
1101	25-29	0.3837659401821867
1101	30-34	0.3450383871875644
1101	35-39	0.4021393543549294
1101	40-44	0.3373875968223601
1101	45-49	0.3364557774904924
1101	50-54	0.36704438940729034
1101	55-59	0.4040582894389715
1101	60-64	0.3466009587370422
1101	65-69	0.3136122374595516
1101	70-74	0.3232200102014886
1101	75-79	0.34846873090348396
1101	80-84	0.3729273828726889
1101	85-89	0.3656901374845347
1101	90-94	0.389680823594837
1101	95-99	0.3824879153000964
1101	100-104	0.37247273816996085
1101	105-109	0.34209006423654387
1101	110-114	0.37859432941544213
1101	115-119	0.42695274286941043
1101	120-124	0.39045810917157553
1101	125-129	0.37440752086303064
1101	130-134	0.4245512447179891
1101	135-139	0.43374716295804916
1101	140-144	0.46684955983076293
1101	145-149	0.49790075601988804
1101	150	0.3705386114940197
1102	1	0.5108336798445094
1102	2	0.35057811994530397
1102	3	0.41796000417132717
1102	4	0.43545283426779946
1102	5	0.40704959671980845
1102	6	0.19850811076883446
1102	7	0.3273570329012898
1102	8	0.35077102044926534
1102	9	0.19265699409195491
1102	10-14	0.29893923670652356
1102	15-19	0.23477069274867546
1102	20-24	0.1644483371617511
1102	25-29	0.27063359199967607
1102	30-34	0.25405179818241663
1102	35-39	0.341380356763878
1102	40-44	0.34742283214396963
1102	45-49	0.22191545461989648
1102	50-54	0.2961853572484898
1102	55-59	0.24672835479963595
1102	60-64	0.16213463123872174
1102	65-69	0.32250093311629513
1102	70-74	0.3155521991569614
1102	75-79	0.3006916585512087
1102	80-84	0.26176147554282636
1102	85-89	0.14546999697557794
1102	90-94	0.19839884500710525
1102	95-99	0.35297286585349497
1102	100-104	0.2181039772220288
1102	105-109	0.3226999059233009
1102	110-114	0.40225661950633196
1102	115-119	0.38048652783886894
1102	120-124	0.4265315254073698
1102	125-129	0.45526460446768624
1102	130-134	0.4208200266526845
1102	135-139	0.4243039659164225
1102	140-144	0.38707018034760665
1102	145-149	0.4331595702718829
1102	150	0.2795215387990382
1103	1	0.7597161600175397
1103	2	0.30760768014717854
1103	3	0.36987060258517346
1103	4	0.45978592727428946
1103	5	0.47590323767150267
1103	6	0.24663356138167103
1103	7	0.39855386058694364
1103	8	0.4559260312639779
1103	9	0.2857716299967876
1103	10-14	0.38932856619462086
1103	15-19	0.23795021690151685
1103	20-24	0.08266030543860836
1103	25-29	0.30488016734214796
1103	30-34	0.3180676597541563
1103	35-39	0.38702563434137716
1103	40-44	0.32017697778203313
1103	45-49	0.3352103356581111
1103	50-54	0.36977424782842405
1103	55-59	0.33920107870611105
1103	60-64	0.22829571464691156
1103	65-69	0.36821144253234905
1103	70-74	0.2052585598972101
1103	75-79	0.2708869600295998
1103	80-84	0.31464279755810765
1103	85-89	0.11640279827849298
1103	90-94	0.18920924383868254
1103	95-99	0.3666642056326168
1103	100-104	0.17531459857721643
1103	105-109	0.28857144187266925
1103	110-114	0.37842802913193907
1103	115-119	0.41649128090020326
1103	120-124	0.35590542831048566
1103	125-129	0.23005138215156506
1103	130-134	0.06798043586047697
1103	135-139	0.3021219729238709
1103	140-144	0.5348751195184605
1103	145-149	0.5486346203368697
1103	150	0.25103415659037864
1104	1	0.04906727237644759
1104	2	0.25253240554752665
1104	3	0.31431226586713734
1104	4	0.42412964661519936
1104	5	0.44555186675049896
1104	6	0.14566738553570246
1104	7	0.20774896865403036
1104	8	0.35204135511945367
1104	9	0.2368363020022528
1104	10-14	0.29892854844106864
1104	15-19	0.2435137919534256
1104	20-24	0.29671101354264096
1104	25-29	0.2467222751857605
1104	30-34	0.3082929803634187
1104	35-39	0.29681842856156493
1104	40-44	0.233903941370194
1104	45-49	0.11919259447927999
1104	50-54	0.29060661518269626
1104	55-59	0.41137996592049575
1104	60-64	0.23827764090417958
1104	65-69	0.27697270947747654
1104	70-74	0.11627520376424627
1104	75-79	0.3121015517270038
1104	80-84	0.3261901400713896
1104	85-89	0.2960956367009615
1104	90-94	0.2729193414397031
1104	95-99	0.36944788969378806
1104	100-104	0.35245365631485726
1104	105-109	0.31476240470914263
1104	110-114	0.2737509555737745
1104	115-119	0.2965240450128306
1104	120-124	0.32315251654769384
1104	125-129	0.2064988832167458
1104	130-134	0.19784976490924322
1104	135-139	0.38661491501740386
1104	140-144	0.4671024982067351
1104	145-149	0.4675970924224586
1104	150	0.36330781707175674
1105	1	0.6525328778003612
1105	2	0.29886198881970216
1105	3	0.3541888757327314
1105	4	0.3547693223081154
1105	5	0.4105021382162093
1105	6	0.25253962471588665
1105	7	0.43023110892818295
1105	8	0.37425083753047517
1105	9	0.4300392477244799
1105	10-14	0.27530915041833026
1105	15-19	0.2065510076853485
1105	20-24	0.20501128900868082
1105	25-29	0.2584609750644873
1105	30-34	0.2179335499036199
1105	35-39	0.3438502674338011
1105	40-44	0.27005436839819197
1105	45-49	0.2689456605556302
1105	50-54	0.2783312831940208
1105	55-59	0.3422991765607719
1105	60-64	0.23038815700171256
1105	65-69	0.24561827883565002
1105	70-74	0.019531665910008655
1105	75-79	0.2267013247504437
1105	80-84	0.2980591716932963
1105	85-89	0.3305466344805623
1105	90-94	0.2969256204224635
1105	95-99	0.38250956722667695
1105	100-104	0.2578793755739355
1105	105-109	0.33473911854841987
1105	110-114	0.2956040449496271
1105	115-119	-0.7684080171855712
1105	120-124	0.07566257976453983
1105	125-129	0.37711554790050883
1105	130-134	-0.003000914663516596
1105	135-139	0.346397431657536
1105	140-144	0.42752970400474055
1105	145-149	-0.14932671810701237
1105	150	-0.20175450363720415
1106	1	0.4989435281656682
1106	2	0.32999560406440054
1106	3	0.22650976433726555
1106	4	0.1683511532687092
1106	5	0.35884511117466644
1106	6	0.17588592503788192
1106	7	0.2647192903663935
1106	8	0.057116900056890074
1106	9	0.1250583596336341
1106	10-14	0.20858488728342195
1106	15-19	0.19697975890829866
1106	20-24	0.194692492556932
1106	25-29	0.2824308349883182
1106	30-34	0.24412223593359528
1106	35-39	0.3073187345349311
1106	40-44	0.23896943773578272
1106	45-49	0.2792669087489301
1106	50-54	0.3403921057157291
1106	55-59	0.3382632080634451
1106	60-64	0.27559353264351927
1106	65-69	0.2574428611308477
1106	70-74	0.21016499562935564
1106	75-79	0.2530069222112772
1106	80-84	0.2604254287733525
1106	85-89	0.34828614898448507
1106	90-94	0.2764826110128169
1106	95-99	0.3209867728581628
1106	100-104	0.33831732609420584
1106	105-109	0.37089424429041884
1106	110-114	0.22517929165137218
1106	115-119	0.36322986833013005
1106	120-124	0.1902209921010325
1106	125-129	0.2135728461451265
1106	130-134	0.4114662269467715
1106	135-139	0.1980638474759786
1106	140-144	0.31145185262339226
1106	145-149	0.23723293582757776
1106	150	0.07399317822253693
1107	1	0.4620665565568345
1107	2	0.38746936959584843
1107	3	0.29816688144278203
1107	4	0.39003209062787647
1107	5	0.21540855674216886
1107	6	0.15716899978197318
1107	7	0.25943698817106764
1107	8	-0.08329383837097026
1107	9	0.22787365609922716
1107	10-14	0.136201188062401
1107	15-19	-0.025063246306395115
1107	20-24	0.1026870847155692
1107	25-29	0.18993691880984898
1107	30-34	0.09009596927551655
1107	35-39	0.19658919098250038
1107	40-44	0.22211950533380076
1107	45-49	0.2747563827719759
1107	50-54	0.2734763576379038
1107	55-59	0.06557415084273543
1107	60-64	0.14649900011670525
1107	65-69	0.16506080895293707
1107	70-74	0.2062035968179572
1107	75-79	0.16327335574310808
1107	80-84	0.111816283830251
1107	85-89	0.21262501325315242
1107	90-94	0.21198429730211643
1107	95-99	-0.13769596114857308
1107	100-104	0.21441731372180328
1107	105-109	0.24171943073135083
1107	110-114	0.16619480243566898
1107	115-119	0.04625156552972953
1107	120-124	0.1872181844438785
1107	125-129	0.14080770634096496
1107	130-134	0.3217781998791267
1107	135-139	0.18244901642193412
1107	140-144	0.12845937267454843
1107	145-149	0.03669092552410547
1107	150	0.04626808508496083
1108	1	0.5444597189499945
1108	2	0.3050448100284342
1108	3	0.17931113401560594
1108	4	0.25723599783178486
1108	5	0.14607313026388624
1108	6	0.1784109324524792
1108	7	0.311486525934896
1108	8	-0.16616493552778167
1108	9	0.06403622369036555
1108	10-14	0.13360847918398377
1108	15-19	0.2517628482339802
1108	20-24	0.19238183441031964
1108	25-29	0.2761200689930021
1108	30-34	0.24416888049128715
1108	35-39	0.19208753390941524
1108	40-44	0.07791926113355174
1108	45-49	0.16727548271964565
1108	50-54	0.12996522605491378
1108	55-59	0.10358757660724649
1108	60-64	0.1204219667266031
1108	65-69	-0.007393468334640829
1108	70-74	0.15240428549829943
1108	75-79	0.11416566881569423
1108	80-84	0.07949684295630277
1108	85-89	0.1040073621738884
1108	90-94	0.20916761150828478
1108	95-99	0.06690602756022201
1108	100-104	0.24502024831469527
1108	105-109	0.11831023904500171
1108	110-114	0.11507615318127051
1108	115-119	0.23101655510220098
1108	120-124	0.12019984749331059
1108	125-129	0.02807968759527313
1108	130-134	0.234008229580418
1108	135-139	-0.02454605861336745
1108	140-144	0.10942200651737721
1108	145-149	0.13387224550712062
1108	150	0.0662112267707542
1109	1	0.09047777151010905
1109	2	-0.06584743376100732
1109	3	0.12519339298197707
1109	4	-0.060648817249294495
1109	5	0.08815316860560785
1109	6	0.057546646167629945
1109	7	0.15619456970835444
1109	8	0.42361060564962827
1109	9	0.27754369233802123
1109	10-14	0.13166103929262363
1109	15-19	0.16060221240044825
1109	20-24	-0.08436231448337139
1109	25-29	0.10003571720771731
1109	30-34	0.21291878064305791
1109	35-39	0.06881730465786973
1109	40-44	0.039796407870504424
1109	45-49	0.029681425686341356
1109	50-54	0.10991652065523283
1109	55-59	0.05871063588209324
1109	60-64	0.038581576644304505
1109	65-69	0.11315414834126614
1109	70-74	0.18631277418018755
1109	75-79	-0.029804322139810324
1109	80-84	0.060426924617416944
1109	85-89	-0.046432437357644574
1109	90-94	0.13344404391811793
1109	95-99	0.03808255320842591
1109	100-104	-0.016144608421463147
1109	105-109	0.05897383082488972
1109	110-114	0.09524924181287275
1109	115-119	0.18541179152057197
1109	120-124	0.17982720020572884
1109	125-129	-0.009670371215385387
1109	130-134	0.13108443048140828
1109	135-139	-0.1509717863634279
1109	140-144	0.12236591817859477
1109	145-149	0.20746344722580545
1109	150	0.09501538591278802
1110	1	0.09039132531325578
1110	2	0.062101582193115235
1110	3	-0.07734332263884625
1110	4	-0.13691549416143545
1110	5	-0.07867454412407682
1110	6	-0.08403493502935788
1110	7	0.09244242055985552
1110	8	0.14354509864268294
1110	9	-0.11256974428250999
1110	10-14	-0.03118803525281777
1110	15-19	-0.03412975636366866
1110	20-24	-0.2344968823964635
1110	25-29	-0.050712618702988266
1110	30-34	0.05842367445831087
1110	35-39	0.027730579912173425
1110	40-44	-0.08776744225099975
1110	45-49	-0.0301762262428511
1110	50-54	-0.044333890985441826
1110	55-59	0.02143000352032942
1110	60-64	0.057513763379212435
1110	65-69	-0.008485673237110802
1110	70-74	0.03358173708308243
1110	75-79	0.013928839316285746
1110	80-84	0.07828352614214396
1110	85-89	-0.0513913188664219
1110	90-94	0.08706145274306465
1110	95-99	-0.014895244743499347
1110	100-104	-0.1268259589733418
1110	105-109	0.11720212329142043
1110	110-114	-0.09291581112996994
1110	115-119	-0.057031169668512405
1110	120-124	-0.09325405488432637
1110	125-129	0.04547127322449995
1110	130-134	0.0028264759015783625
1110	135-139	-0.06665181715369783
1110	140-144	-0.16266973961697317
1110	145-149	0.1326537792223519
1110	150	0.09318570478985322
1111	1	-0.25003808077967093
1111	2	-0.34621793172182436
1111	3	-0.22444711064632372
1111	4	-0.32674725369010815
1111	5	-0.409843208648887
1111	6	-0.2176753303400858
1111	7	-0.13881582068136566
1111	8	-0.052839326007166676
1111	9	-0.4117303139073272
1111	10-14	-0.3216228794956564
1111	15-19	-0.0821548525089284
1111	20-24	0.03536586847639711
1111	25-29	-0.19849318141096717
1111	30-34	-0.24324577645963785
1111	35-39	-0.162721250911261
1111	40-44	-0.2736644253609555
1111	45-49	-0.2713384994139503
1111	50-54	-0.26898868331108616
1111	55-59	-0.18360200889064515
1111	60-64	-0.18285467562351698
1111	65-69	-0.2777461000413197
1111	70-74	-0.22756785211600317
1111	75-79	-0.34532370954471503
1111	80-84	-0.36360093209342637
1111	85-89	-0.5931259142144683
1111	90-94	-0.3339436128230844
1111	95-99	-0.2327197142943902
1111	100-104	-0.4961722745893198
1111	105-109	-0.14142135847397697
1111	110-114	-0.14928963428071995
1111	115-119	-0.34510189138549663
1111	120-124	0.0057855847351291345
1111	125-129	-0.22963180574172526
1111	130-134	-0.1355674323863454
1111	135-139	0.008263635009626569
1111	140-144	-0.22561551782761313
1111	145-149	-0.021346714549778767
1111	150	0.07055285175650994
1112	1	-0.5114586232992799
1112	2	-0.3216599799857107
1112	3	-0.5110534973562153
1112	4	-0.5336266966280334
1112	5	-0.5411616972587083
1112	6	-0.19503185178167115
1112	7	-0.10077443452750856
1112	8	-0.09057617576636545
1112	9	-0.2763929714150919
1112	10-14	-0.2532229787266118
1112	15-19	-0.3366169094982965
1112	20-24	-0.3564701609165084
1112	25-29	-0.32035290647277037
1112	30-34	-0.12011692163624588
1112	35-39	-0.12211525770345588
1112	40-44	-0.42770577729724124
1112	45-49	-0.21944652429012734
1112	50-54	-0.3062612704852512
1112	55-59	-0.23361291024897923
1112	60-64	-0.11554938328461617
1112	65-69	-0.38866158708552945
1112	70-74	-0.3094948369311936
1112	75-79	-0.25733196984999296
1112	80-84	-0.3096956358208516
1112	85-89	-0.345803350381793
1112	90-94	-0.323140012617543
1112	95-99	-0.4526053204182432
1112	100-104	-0.4625330024840437
1112	105-109	-0.24806555133725539
1112	110-114	-0.31350672440564153
1112	115-119	-0.1652610588215424
1112	120-124	-0.3283356674517037
1112	125-129	-0.45994293992072954
1112	130-134	-0.2884929283629347
1112	135-139	-0.3929905745759541
1112	140-144	-0.298240216864464
1112	145-149	-0.5753911479426392
1112	150	-0.2646202325908291
1113	1	-0.31333378415866875
1113	2	-0.6341083517823094
1113	3	-0.6366034832618723
1113	4	-0.8827252712606608
1113	5	-0.6517471641492492
1113	6	-0.2934349010628594
1113	7	-0.2311655219982427
1113	8	-0.3138330728041012
1113	9	-0.3240882393915072
1113	10-14	-0.30180263629527815
1113	15-19	-0.35759517969304255
1113	20-24	-0.18123601092813857
1113	25-29	-0.4318727672451459
1113	30-34	-0.4543034327340081
1113	35-39	-0.4607472481928312
1113	40-44	-0.501842529224497
1113	45-49	-0.403899112134674
1113	50-54	-0.5357743155568713
1113	55-59	-0.38532725430371073
1113	60-64	-0.5061600070769217
1113	65-69	-0.5898714464224213
1113	70-74	-0.38498796020352444
1113	75-79	-0.45108225472924346
1113	80-84	-0.32356947398869806
1113	85-89	-0.4032712407273067
1113	90-94	-0.4016515218468939
1113	95-99	-0.4735527913951785
1113	100-104	-0.5968591007374826
1113	105-109	-0.5756312304785709
1113	110-114	-0.5906049519408185
1113	115-119	-0.4762934057540278
1113	120-124	-0.4182026502554095
1113	125-129	-0.6231706566425856
1113	130-134	-0.5539212902585362
1113	135-139	-0.4283466936751452
1113	140-144	-0.6392477193467911
1113	145-149	-0.6549849261008305
1113	150	-0.288560188593074
1114	1	-0.742558711109119
1114	2	-0.5307336632232733
1114	3	-0.5518003431344098
1114	4	-0.7164714272674999
1114	5	-0.580029104403657
1114	6	-0.21251679316475247
1114	7	-0.6463970370878585
1114	8	-0.7332086222716825
1114	9	-0.3943909071136389
1114	10-14	-0.4912455628006782
1114	15-19	-0.3912851577690617
1114	20-24	-0.28404892017889694
1114	25-29	-0.3536103433498283
1114	30-34	-0.4958918819677649
1114	35-39	-0.4969338610648748
1114	40-44	-0.49576363935877055
1114	45-49	-0.3742882355035988
1114	50-54	-0.7314520726547258
1114	55-59	-0.5974331666231123
1114	60-64	-0.9136379400151142
1114	65-69	-0.5979511705754348
1114	70-74	-0.7000122255716619
1114	75-79	-0.5988014828490833
1114	80-84	-0.6281995124163586
1114	85-89	-0.6481634538792278
1114	90-94	-0.6117560496106975
1114	95-99	-0.47376575809136057
1114	100-104	-0.48675764698872825
1114	105-109	-0.6132522865665493
1114	110-114	-0.6118310408322003
1114	115-119	-0.4212887387882702
1114	120-124	-0.4686049251774236
1114	125-129	-0.6282504975116936
1114	130-134	-0.5906314844517624
1114	135-139	-0.4605811021174162
1114	140-144	-0.4264949788251684
1114	145-149	-0.5800842689463224
1114	150	-0.16026234182073296
2101	1	0.2648251772464931
2101	2	0.23576896529619518
2101	3	0.35644398538781275
2101	4	0.5085561899227713
2101	5	0.4724631026984838
2101	6	0.15125987751237346
2101	7	0.19726867256896696
2101	8	0.2885376528462018
2101	9	0.257011380154367
2101	10-14	0.21738996702226387
2101	15-19	0.2468652216324898
2101	20-24	0.28838398416499444
2101	25-29	0.2553409562869078
2101	30-34	0.27780525988831073
2101	35-39	0.232475876691268
2101	40-44	0.29420295940507657
2101	45-49	0.33459747783069105
2101	50-54	0.35125421924886524
2101	55-59	0.3767917896559041
2101	60-64	0.32639312265788334
2101	65-69	0.2311675946568883
2101	70-74	0.2618415657158053
2101	75-79	0.3111536672712205
2101	80-84	0.3286509131071824
2101	85-89	0.3005720254354287
2101	90-94	0.3046655491421504
2101	95-99	0.31847349096420885
2101	100-104	0.34320517401690154
2101	105-109	0.38053406562406167
2101	110-114	0.270186222980783
2101	115-119	0.35657551720755976
2101	120-124	0.25084497779531745
2101	125-129	0.30169452467989544
2101	130-134	0.4126913946804436
2101	135-139	0.33804743914831903
2101	140-144	0.45062414802216466
2101	145-149	0.3309472419531332
2101	150	0.25750736340499003
2102	1	-0.09354834154576253
2102	2	0.2892067166780379
2102	3	0.307457400180148
2102	4	0.36904624583317513
2102	5	0.28500856821548837
2102	6	-0.007743874714272181
2102	7	0.2630682931175059
2102	8	0.333890322714403
2102	9	0.13755971745278828
2102	10-14	0.11669345074400894
2102	15-19	0.2701500283217868
2102	20-24	0.2251085283457286
2102	25-29	0.2511291685839723
2102	30-34	0.39036645273242954
2102	35-39	0.27271075077999285
2102	40-44	0.31224700257302374
2102	45-49	0.26403927175329045
2102	50-54	0.27709835675464944
2102	55-59	0.3342596967662317
2102	60-64	0.2967600273378679
2102	65-69	0.3474620515400417
2102	70-74	0.31828980918340477
2102	75-79	0.4165641260091846
2102	80-84	0.32466163757518274
2102	85-89	0.3591414100431152
2102	90-94	0.33347330747341175
2102	95-99	0.3913734212176081
2102	100-104	0.3383412295288508
2102	105-109	0.38824189731213465
2102	110-114	0.31045207615447623
2102	115-119	0.3841880637437143
2102	120-124	0.32771716982191634
2102	125-129	0.26313157190613623
2102	130-134	0.43377597468793994
2102	135-139	0.2757241535120656
2102	140-144	0.3656217456327582
2102	145-149	0.3452382800685996
2102	150	0.3154392082933555
2103	1	0.7540291733792657
2103	2	0.3050368221699742
2103	3	0.3003910924787476
2103	4	0.4510693711044098
2103	5	0.3702523778076241
2103	6	0.1896818007326928
2103	7	0.2745985955890191
2103	8	0.39492620593718897
2103	9	0.3378600115328467
2103	10-14	0.181136236992117
2103	15-19	0.17847424690798874
2103	20-24	0.07130986380563087
2103	25-29	0.2288926546627863
2103	30-34	0.2898131012756906
2103	35-39	0.10707754908634115
2103	40-44	0.17178778098337943
2103	45-49	0.22476410002135339
2103	50-54	0.28364592731518457
2103	55-59	0.039623942169107806
2103	60-64	0.25283537340986584
2103	65-69	0.21421808192619096
2103	70-74	0.3026598578646471
2103	75-79	0.2812097868873096
2103	80-84	0.08159231588332005
2103	85-89	-0.014052485473960985
2103	90-94	-0.016752829450631168
2103	95-99	0.0556110860266017
2103	100-104	0.0993051305071404
2103	105-109	0.08105569737595886
2103	110-114	0.31228314951138714
2103	115-119	0.35714713835503886
2103	120-124	0.28102159969969165
2103	125-129	0.3376280494622037
2103	130-134	0.3572954500696639
2103	135-139	0.24714806398542066
2103	140-144	0.3271576695640164
2103	145-149	0.23753651227788453
2103	150	0.22672461957876777
2104	1	0.6538801035342559
2104	2	0.412863486455997
2104	3	0.20472930247820642
2104	4	0.3665132060164922
2104	5	0.28607163624928234
2104	6	0.07712856991738448
2104	7	0.11812866586181059
2104	8	0.25343342354617704
2104	9	0.21651286414952864
2104	10-14	0.11568279396040992
2104	15-19	0.20339723796013942
2104	20-24	0.02203366675697538
2104	25-29	0.2047674255209273
2104	30-34	0.227577723812729
2104	35-39	0.06992967881637924
2104	40-44	0.28181776774145106
2104	45-49	0.26427624840213326
2104	50-54	0.2021106145695981
2104	55-59	-0.11068197358511611
2104	60-64	0.15122023823425934
2104	65-69	0.2539182085016023
2104	70-74	0.3017958252261863
2104	75-79	0.252501131474979
2104	80-84	0.08555294668175861
2104	85-89	0.16286995123813597
2104	90-94	0.14643416911396656
2104	95-99	0.14023790551283355
2104	100-104	0.12029538073750246
2104	105-109	0.2866916443438967
2104	110-114	0.2977320445319407
2104	115-119	0.15909110389264214
2104	120-124	0.2662421743842245
2104	125-129	0.3801400855372137
2104	130-134	0.40308690465180774
2104	135-139	0.4415239076446724
2104	140-144	0.3555312450945749
2104	145-149	0.36383647078621806
2104	150	0.16784838263098578
2105	1	0.5810241142634638
2105	2	0.23339822214953188
2105	3	0.21805078437104441
2105	4	0.23444864205857385
2105	5	0.28942803795237637
2105	6	0.007928341493339985
2105	7	-0.22941374199441356
2105	8	0.17101041497593172
2105	9	0.20907444021033683
2105	10-14	0.14759426174757095
2105	15-19	0.18541247816059325
2105	20-24	0.22567825586756385
2105	25-29	0.20010349683347073
2105	30-34	0.10728806130219937
2105	35-39	-0.37806323201201053
2105	40-44	0.11593505687086747
2105	45-49	0.19086026229846453
2105	50-54	0.19855846191305204
2105	55-59	0.29642675360877746
2105	60-64	0.20731421076677492
2105	65-69	0.10087606063823529
2105	70-74	0.10471199065737125
2105	75-79	0.17975608458383618
2105	80-84	0.055345008925286265
2105	85-89	0.04889070944960139
2105	90-94	-0.07683368624274323
2105	95-99	-0.032625491252318284
2105	100-104	0.06091274799382518
2105	105-109	0.18393799237598074
2105	110-114	0.2041254533520842
2105	115-119	-0.38827988025283133
2105	120-124	0.06703152273500734
2105	125-129	0.36511528443062247
2105	130-134	0.22622812204629383
2105	135-139	0.3313072481281907
2105	140-144	0.2636491614396448
2105	145-149	-0.009327159382067407
2105	150	-0.02668863383448894
2106	1	-0.39111352007151723
2106	2	0.035814040797660596
2106	3	0.13634031173444328
2106	4	0.2008257414215322
2106	5	0.25497380813008164
2106	6	0.12403427462754735
2106	7	-0.04807728190477434
2106	8	0.2784858160195185
2106	9	0.1755599490071944
2106	10-14	0.036844553454535856
2106	15-19	0.21203988920067474
2106	20-24	0.28784307814742505
2106	25-29	0.2593797212181741
2106	30-34	0.0677173626604528
2106	35-39	0.21120925510010125
2106	40-44	0.16775716269558671
2106	45-49	0.1538537320565183
2106	50-54	0.1425557227172689
2106	55-59	0.22732526694817068
2106	60-64	0.23697749342712626
2106	65-69	0.28976139830638203
2106	70-74	0.16559487699871767
2106	75-79	0.1486751853396555
2106	80-84	0.2957912606982376
2106	85-89	0.29075138730189565
2106	90-94	0.25382284499487895
2106	95-99	0.3400386264722144
2106	100-104	0.29922623350419997
2106	105-109	0.3345550216658282
2106	110-114	0.17281174548607225
2106	115-119	0.11925956776906332
2106	120-124	0.034662377335436645
2106	125-129	0.2500354600710466
2106	130-134	0.26254060877601404
2106	135-139	0.05386125112413964
2106	140-144	0.12730069307774983
2106	145-149	0.2550618211010658
2106	150	0.0848986677528103
2107	1	0.10387725614531007
2107	2	0.22429140705281014
2107	3	0.17956437871330166
2107	4	0.1695500212569172
2107	5	0.062154168567147394
2107	6	0.04536249940404247
2107	7	-0.08610764943706073
2107	8	0.05805158868874116
2107	9	0.10176968364604733
2107	10-14	0.07180411071294657
2107	15-19	0.04011992325771985
2107	20-24	-0.05371503168655778
2107	25-29	0.04861769482396028
2107	30-34	-0.044245174589434555
2107	35-39	0.10614894574860045
2107	40-44	0.12808070462832433
2107	45-49	0.1736635802188644
2107	50-54	0.05600221683921092
2107	55-59	0.28575743146678434
2107	60-64	0.24907264553899466
2107	65-69	0.14672555658328434
2107	70-74	0.1631683734330025
2107	75-79	-0.14490049163851637
2107	80-84	-0.3958371754360428
2107	85-89	0.2167273342589766
2107	90-94	0.010989307838940476
2107	95-99	-0.30424222626190556
2107	100-104	0.22599992302641425
2107	105-109	0.03686491616112164
2107	110-114	0.0562340736506286
2107	115-119	0.2115100431123338
2107	120-124	0.13273047609266087
2107	125-129	0.20772749547253255
2107	130-134	0.2116931048057893
2107	135-139	0.15826754115951047
2107	140-144	-0.4473757749314231
2107	145-149	-0.03284300090547987
2107	150	-0.03279363993949147
2108	1	0.18273156071310837
2108	2	0.16421525997194664
2108	3	0.10030778768059179
2108	4	0.06222779185100791
2108	5	0.05127806664089718
2108	6	0.23592313485246308
2108	7	-0.005933598966528564
2108	8	0.1393298744558038
2108	9	0.08051212794681817
2108	10-14	0.07211690896423306
2108	15-19	0.06740110302434488
2108	20-24	-0.11229450891939052
2108	25-29	-0.0477906669875523
2108	30-34	-0.13156145179765133
2108	35-39	0.06097258623586299
2108	40-44	-0.06300577669922092
2108	45-49	0.16581119472169092
2108	50-54	0.03280991276039913
2108	55-59	-0.0021593866570555065
2108	60-64	0.11831717134353426
2108	65-69	0.1450768664028601
2108	70-74	0.0682583536752972
2108	75-79	0.0023590045920514058
2108	80-84	0.028165262443536676
2108	85-89	0.15919742678078563
2108	90-94	0.12353498996565548
2108	95-99	0.10517746518175386
2108	100-104	0.2635298981318499
2108	105-109	-0.30302217950263355
2108	110-114	0.04189271775277348
2108	115-119	0.1206622250670577
2108	120-124	0.07486994114712786
2108	125-129	-0.11553148253540257
2108	130-134	-0.14516543028805984
2108	135-139	-0.183521547946512
2108	140-144	-0.38162920806868783
2108	145-149	0.08089061004814369
2108	150	0.10450760630030231
2109	1	0.10831424602078954
2109	2	-0.036500602866333054
2109	3	-0.08183236409646355
2109	4	-0.005315149931931273
2109	5	-0.04144760531599445
2109	6	-0.001964124817220636
2109	7	-0.10291542044487301
2109	8	-0.017391691930143338
2109	9	-0.047351361819217175
2109	10-14	-0.05715095649227919
2109	15-19	0.01636464610749755
2109	20-24	0.024730918885090603
2109	25-29	-0.06266091588779688
2109	30-34	-0.19414636351712034
2109	35-39	-0.00919088370912391
2109	40-44	0.03400754335861933
2109	45-49	-0.0010263325322554806
2109	50-54	-0.05264785603866784
2109	55-59	-0.051788360902001784
2109	60-64	-0.0076132417454459755
2109	65-69	-0.03362783086135579
2109	70-74	-0.05976076850239309
2109	75-79	-0.01193460820597636
2109	80-84	0.15011223742806834
2109	85-89	0.056142874617123084
2109	90-94	0.16549533227327373
2109	95-99	0.12396539908772297
2109	100-104	0.21284461506289887
2109	105-109	-0.4648639852798979
2109	110-114	-0.03438983646974236
2109	115-119	0.09267558726994451
2109	120-124	-0.05511749237576424
2109	125-129	-0.1143684983359563
2109	130-134	-0.4518994608997744
2109	135-139	-0.3436218961239206
2109	140-144	-0.2000542182041869
2109	145-149	0.07556706254940337
2109	150	0.057721617418422966
2110	1	-0.13841058062010347
2110	2	-0.2474419786412625
2110	3	-0.3035574663480176
2110	4	-0.16732093408101179
2110	5	-0.3089148903304917
2110	6	-0.10704895777878676
2110	7	-0.16563705735170942
2110	8	-0.2150137231439686
2110	9	-0.45089130515366804
2110	10-14	-0.028937611791533868
2110	15-19	-0.13984816942078027
2110	20-24	-0.01902833703962159
2110	25-29	-0.22375351004557587
2110	30-34	-0.21640137320023456
2110	35-39	-0.19603433317865182
2110	40-44	-0.07510855487637258
2110	45-49	-0.21948599966807336
2110	50-54	-0.1629818099759035
2110	55-59	-0.1599031903216499
2110	60-64	-0.07924755033275233
2110	65-69	-0.1999287891276893
2110	70-74	-0.10178613803856251
2110	75-79	-0.03444457082239438
2110	80-84	0.08822960006440894
2110	85-89	-0.030646151779926356
2110	90-94	0.07292333372060966
2110	95-99	-0.10279974127076486
2110	100-104	0.021325475321560816
2110	105-109	-0.027694805239896425
2110	110-114	-0.24505197903938836
2110	115-119	-0.06262749778588272
2110	120-124	-0.21373053919051443
2110	125-129	-0.3365098193137257
2110	130-134	-0.8340705548616185
2110	135-139	-0.156316949703033
2110	140-144	-0.00926744260335255
2110	145-149	0.21563433730725734
2110	150	0.09993637514346432
2111	1	-0.8526366397901981
2111	2	-0.3706547567670242
2111	3	-0.3418573474268456
2111	4	-0.3042731931294611
2111	5	-0.3680645585313371
2111	6	-0.17477956046403875
2111	7	-0.3256110036283886
2111	8	-0.5079047786374886
2111	9	-0.5685302205199179
2111	10-14	-0.34654021534827706
2111	15-19	-0.2649096725481357
2111	20-24	-0.1350037176327774
2111	25-29	-0.2188641248952976
2111	30-34	-0.2296011698541136
2111	35-39	-0.20419041949182315
2111	40-44	-0.2422118710523833
2111	45-49	-0.26630372346229336
2111	50-54	-0.1253351007663568
2111	55-59	-0.21904139329236472
2111	60-64	-0.13552966864189386
2111	65-69	-0.23540298943866134
2111	70-74	-0.32907886632428784
2111	75-79	-0.16114098911502595
2111	80-84	-0.06348281040686032
2111	85-89	-0.15171682817030785
2111	90-94	-0.1046280961950572
2111	95-99	-0.15565230760860516
2111	100-104	-0.13085693495280992
2111	105-109	-0.20123477233455134
2111	110-114	-0.31484601303598936
2111	115-119	-0.08123685681331949
2111	120-124	-0.30316424676075115
2111	125-129	-0.12206131629503858
2111	130-134	-0.3629695930201535
2111	135-139	-0.25041861485989614
2111	140-144	-0.0803474393389152
2111	145-149	-0.004623328039556895
2111	150	-0.15624676339261612
2112	1	-0.8762115891385278
2112	2	-0.5572691085768753
2112	3	-0.5916290369245587
2112	4	-0.5604693284828102
2112	5	-0.6529250018468247
2112	6	-0.3060233235049594
2112	7	-0.3926511318451489
2112	8	-0.7700082592386579
2112	9	-0.4041360749455123
2112	10-14	-0.33769960934264986
2112	15-19	-0.5542223218571536
2112	20-24	-0.3253166995796093
2112	25-29	-0.3703733933944946
2112	30-34	-0.19036895841741597
2112	35-39	-0.5085633972051014
2112	40-44	-0.35945097716384566
2112	45-49	-0.38127605404380915
2112	50-54	-0.429413730729415
2112	55-59	-0.47654733971936025
2112	60-64	-0.33792721171145956
2112	65-69	-0.3934903927596807
2112	70-74	-0.26594889408757183
2112	75-79	-0.44088794645436025
2112	80-84	-0.36651493421396
2112	85-89	-0.35619892970406397
2112	90-94	-0.4714981266753071
2112	95-99	-0.4448332301554032
2112	100-104	-0.6030197477738142
2112	105-109	-0.5302402682504024
2112	110-114	-0.49466807101676125
2112	115-119	-0.23760286051174972
2112	120-124	-0.3873451631992353
2112	125-129	-0.23572064756260858
2112	130-134	-0.16147374740462084
2112	135-139	-0.5404073547691013
2112	140-144	-0.5458345688273027
2112	145-149	-0.7592924089915769
2112	150	-0.4290523617407871
2113	1	-1.4527701463980627
2113	2	-0.735708336945553
2113	3	-0.6998716496772843
2113	4	-0.6316608664927585
2113	5	-0.7890666392460233
2113	6	-0.5606740192296726
2113	7	-0.40790042891084966
2113	8	-0.764539275892794
2113	9	-0.31861188679600616
2113	10-14	-0.41756324523813504
2113	15-19	-0.5141807122663451
2113	20-24	-0.40932357958125465
2113	25-29	-0.6641008505747195
2113	30-34	-0.5301611164514668
2113	35-39	-0.510877467220439
2113	40-44	-0.4646700969768034
2113	45-49	-0.682032648237012
2113	50-54	-0.5249951677191333
2113	55-59	-0.822666582019913
2113	60-64	-0.5251811882906452
2113	65-69	-0.3748171294382914
2113	70-74	-0.5021027778337839
2113	75-79	-0.38775701593866785
2113	80-84	-0.5053124993822209
2113	85-89	-0.3825595662767256
2113	90-94	-0.5450070313073709
2113	95-99	-0.49109619987645914
2113	100-104	-0.6816400580336222
2113	105-109	-0.5224300492033436
2113	110-114	-0.5559675220535141
2113	115-119	-0.44474250023349526
2113	120-124	-0.6807071224887267
2113	125-129	-0.6310818110082081
2113	130-134	-0.5508388093960335
2113	135-139	-0.5393009333599821
2113	140-144	-0.8363442034513469
2113	145-149	-0.9978705407282291
2113	150	-0.6525523126393438
2114	1	-1.4717502373362947
2114	2	-0.9413700134856278
2114	3	-0.6255985025734176
2114	4	-1.0561293052281755
2114	5	-0.7565496922062636
2114	6	-0.2606312806355362
2114	7	-0.8271185500747649
2114	8	-0.7930227681108093
2114	9	-0.2817914007632112
2114	10-14	-0.5255844483295604
2114	15-19	-0.5661923941487501
2114	20-24	-0.544990123572326
2114	25-29	-0.8186323287364914
2114	30-34	-0.8036382572395198
2114	35-39	-0.5748446772212716
2114	40-44	-0.6023952165855135
2114	45-49	-0.9552925345048564
2114	50-54	-0.8175436368199911
2114	55-59	-0.6486537543928392
2114	60-64	-0.8794963580325685
2114	65-69	-0.684402661079595
2114	70-74	-0.5740853612843821
2114	75-79	-0.7320346369183
2114	80-84	-0.645918183106474
2114	85-89	-0.4900551706247853
2114	90-94	-0.7914017585406512
2114	95-99	-0.4384512052795131
2114	100-104	-0.5581557088651223
2114	105-109	-0.5739875516650628
2114	110-114	-0.5929793668739052
2114	115-119	-0.6995997463205015
2114	120-124	-0.7416203454083998
2114	125-129	-0.670802077382227
2114	130-134	-0.44164494865416515
2114	135-139	-0.5901662228217575
2114	140-144	-0.5918898468271365
2114	145-149	-0.8148274947564929
2114	150	-0.811681418827277
>>END_MODULE
>>Per sequence quality scores	pass
#Quality	Count
29	1.0
30	2.0
31	44.0
32	296.0
33	1365.0
34	4534.0
35	12834.0
36	32342.0
37	86388.0
38	172532.0
>>END_MODULE
>>Per base sequence content	fail
#Base	G	A	T	C
1	41.73127364357571	20.93008268404127	12.561465241124193	24.77717843125882
2	15.672589241407756	21.296779640263196	38.56537066037675	24.465260457952297
3	18.533341066836805	24.52132835811277	30.068828180886648	26.876502394163783
4	12.996797040646005	16.8268146343664	37.71661865449929	32.459769670488306
5	13.240724629275178	37.04605945775252	36.69901848951788	13.014197423454426
6	31.759887606416232	38.08814905039022	17.330136818565563	12.821826524627985
7	27.557050699559838	32.41787986002358	22.342735984636107	17.682333455780473
8	24.610908106645013	37.172695577080475	21.038673961938272	17.17772235433624
9	23.620052974498773	16.972462283059116	21.380881490503903	38.026603251938205
10-14	22.38146794785041	25.12389717018219	30.005155668980272	22.489479212987128
15-19	20.481668374482016	30.798613125044305	27.682333455780473	21.037385044693206
20-24	20.429016105020978	29.52161836449291	29.414831570739004	20.634533959747113
25-29	20.277052761827427	29.555323550451444	29.406453608646054	20.76117007907507
30-34	20.29219753945698	29.91506035355	29.429202998021513	20.36353910897151
35-39	20.295290940845142	29.916800391830844	29.534378645219086	20.253530022104933
40-44	20.05413452429287	30.007282382434635	29.74176542995057	20.196817663321927
45-49	20.14042753385019	30.12618499829218	29.589866532619276	20.143520935238353
50-54	20.016728203480007	30.022284909960057	29.809568248424146	20.151418638135787
55-59	19.99107356278207	30.125430046335854	29.8953378475108	19.988158543371277
60-64	19.987101824077723	30.116720690780536	30.052294822136496	19.84388266300525
65-69	19.976234219463027	29.992819395068278	30.01721127739766	20.01373510807104
70-74	19.954502052054313	30.17871295520036	29.969875279862773	19.896909712882554
75-79	19.9106907636485	30.219226122393206	29.960771998657144	19.909311115301154
80-84	19.811981435540734	30.122404622386817	30.01781797703314	20.04779596503931
85-89	19.984779904179568	30.236639402842847	29.945472352365073	19.833108340612508
90-94	19.866870017257344	30.20214607498376	30.07095571677762	19.86002819098128
95-99	19.898117392397417	29.979747514119058	30.181805572134397	19.940329521349135
100-104	19.82731208407055	30.084355730680223	30.271128596800228	19.817203588449004
105-109	19.974996452562863	30.20237540425652	30.065992418235776	19.756635724944836
110-114	19.997459593345756	30.265364392957668	30.01031026743185	19.726865746264725
115-119	19.968769201000743	30.189591317837877	30.21471174311989	19.626927738041488
120-124	19.888097799083816	30.335965951591852	30.058940437125653	19.71699581219868
125-129	20.004088360725124	30.040327974333874	30.306345808092622	19.64923785684838
130-134	20.081893119404697	30.177421291383006	30.09020111702546	19.65048447218684
135-139	20.08670801174252	29.75220727714069	30.252958542905468	19.90812616821132
140-144	20.257132977775917	29.861095102877638	29.935559583809212	19.94621233553723
145-149	20.222694403943255	29.100929897894805	30.19006603745053	20.48630966071141
150	19.80789395517287	28.39791145514603	31.042232552813058	20.75196203686804
>>END_MODULE
>>Per sequence GC content	fail
#GC Content	Count
0	0.0
1	0.0
2	0.0
3	0.0
4	0.0
5	0.0
6	0.0
7	0.0
8	0.5
9	3.0
10	5.0
11	11.5
12	18.5
13	18.0
14	21.5
15	48.5
16	90.0
17	115.0
18	200.5
19	375.5
20	541.0
21	789.0
22	1231.0
23	1771.5
24	2534.5
25	3564.0
26	4539.0
27	5404.0
28	6661.0
29	7995.0
30	9090.0
31	10259.5
32	11316.5
33	11952.0
34	11938.5
35	12189.5
36	12489.0
37	12363.5
38	12103.5
39	11715.0
40	11599.0
41	11505.5
42	11228.5
43	10621.0
44	9918.0
45	9474.0
46	8737.0
47	7741.0
48	7256.0
49	7056.0
50	6501.0
51	6002.0
52	5539.5
53	5009.5
54	4489.5
55	3850.0
56	3457.5
57	3314.5
58	3223.0
59	3085.0
60	2809.0
61	2531.0
62	2331.5
63	2166.0
64	2014.5
65	1856.0
66	1630.0
67	1365.0
68	1179.0
69	1062.5
70	905.0
71	742.5
72	621.5
73	485.5
74	396.5
75	334.5
76	296.5
77	248.0
78	180.5
79	127.5
80	97.0
81	81.0
82	71.5
83	48.0
84	32.5
85	22.0
86	17.0
87	14.0
88	9.0
89	9.0
90	9.5
91	7.0
92	4.0
93	2.0
94	1.5
95	1.0
96	0.5
97	0.0
98	0.0
99	0.0
100	0.0
>>END_MODULE
>>Per base N content	pass
#Base	N-Count
1	0.0
2	0.0
3	0.0
4	0.0
5	0.0
6	0.0
7	0.0
8	0.0
9	0.0
10-14	0.0
15-19	0.0
20-24	0.0
25-29	0.0
30-34	0.0
35-39	0.0
40-44	0.0
45-49	0.0
50-54	0.0
55-59	0.0
60-64	0.0
65-69	0.0
70-74	0.0
75-79	0.0
80-84	0.0
85-89	0.0
90-94	0.0
95-99	0.0
100-104	0.0
105-109	0.0
110-114	0.0
115-119	0.0
120-124	0.0
125-129	0.0
130-134	0.0
135-139	0.0
140-144	0.0
145-149	0.0
150	0.0
>>END_MODULE
>>Sequence Length Distribution	warn
#Length	Count
50-54	1117.0
55-59	1152.0
60-64	1017.0
65-69	1003.0
70-74	1150.0
75-79	1168.0
80-84	1066.0
85-89	1094.0
90-94	1208.0
95-99	1109.0
100-104	1290.0
105-109	1445.0
110-114	1315.0
115-119	1562.0
120-124	1451.0
125-129	1592.0
130-134	1859.0
135-139	1706.0
140-144	1837.0
145-149	5768.0
150-151	279429.0
>>END_MODULE
>>Sequence Duplication Levels	fail
#Total Deduplicated Percentage	48.27386684189568
#Duplication Level	Percentage of deduplicated	Percentage of total
1	63.148212144249705	30.484083843552902
2	16.365137599019164	15.80016946608703
3	7.763606566543793	11.243379288186059
4	4.100652303000595	7.918173729598542
5	2.557334787327174	6.17262194967898
6	1.6465266238073015	4.7690524193585855
7	1.0489144532048547	3.5444609649785677
8	0.8094020857177701	3.1258374805993814
9	0.5676179924169191	2.4661003844698657
>10	1.9818946665482677	14.176511068165471
>50	0.010700778164441838	0.2996094053246595
>100	0.0	0.0
>500	0.0	0.0
>1k	0.0	0.0
>5k	0.0	0.0
>10k+	0.0	0.0
>>END_MODULE
>>Overrepresented sequences	pass
>>END_MODULE
>>Adapter Content	pass
#Position	Illumina Universal Adapter	Illumina Small RNA 3' Adapter	Illumina Small RNA 5' Adapter	Nextera Transposase Sequence	SOLID Small RNA Adapter
1	0.0	0.0	0.0	0.0	0.0
2	0.0	0.0	0.0	0.0	0.0
3	0.0	0.0	0.0	0.0	0.0
4	0.0	0.0	0.0	0.0	0.0
5	0.0	0.0	0.0	0.0	0.0
6	0.0	0.0	0.0	0.0	0.0
7	0.0	0.0	0.0	0.0	0.0
8	0.0	0.0	0.0	0.0	0.0
9	0.0	0.0	0.0	0.0	0.0
10-11	0.0	0.0	0.0	0.0	0.0
12-13	0.0	0.0	0.0	0.0	0.0
14-15	0.0	0.0	0.0	0.0	0.0
16-17	0.0	0.0	0.0	0.0	0.0
18-19	0.0	0.0	0.0	0.0	0.0
20-21	0.0	0.0	0.0	0.0	0.0
22-23	0.0	0.0	0.0	0.0	0.0
24-25	0.0	0.0	0.0	0.0	0.0
26-27	0.0	0.0	0.0	0.0	0.0
28-29	0.0	0.0	0.0	0.0	0.0
30-31	0.0	0.0	0.0	0.0	0.0
32-33	0.0	0.0	0.0	0.0	0.0
34-35	0.0	0.0	0.0	0.0	0.0
36-37	0.0	0.0	0.0	0.0	0.0
38-39	0.0	0.0	0.0	0.0	0.0
40-41	0.0	0.0	0.0	0.0	0.0
42-43	0.0	0.0	0.0	0.0	0.0
44-45	0.0	0.0	0.0	0.0	0.0
46-47	0.0	0.0	0.0	0.0	0.0
48-49	0.0	0.0	0.0	0.0	0.0
50-51	0.0	0.0	0.0	0.0	0.0
52-53	0.0	0.0	0.0	0.0	0.0
54-55	0.0	0.0	0.0	0.0	0.0
56-57	0.0	0.0	0.0	0.0	0.0
58-59	0.0	0.0	0.0	0.0	0.0
60-61	0.0	0.0	0.0	0.0	0.0
62-63	0.0	0.0	0.0	0.0	0.0
64-65	0.0	0.0	0.0	0.0	0.0
66-67	0.0	0.0	0.0	0.0	0.0
68-69	0.0	0.0	0.0	0.0	0.0
70-71	0.0	0.0	0.0	0.0	0.0
72-73	0.0	0.0	0.0	0.0	0.0
74-75	0.0	0.0	0.0	0.0	0.0
76-77	0.0	0.0	0.0	0.0	0.0
78-79	0.0	0.0	0.0	0.0	0.0
80-81	0.0	0.0	0.0	0.0	0.0
82-83	0.0	0.0	0.0	0.0	0.0
84-85	0.0	0.0	0.0	0.0	0.0
86-87	0.0	0.0	0.0	0.0	0.0
88-89	0.0	0.0	0.0	0.0	0.0
90-91	0.0	0.0	0.0	0.0	0.0
92-93	0.0	0.0	0.0	0.0	0.0
94-95	0.0	0.0	0.0	0.0	0.0
96-97	0.0	0.0	0.0	0.0	0.0
98-99	0.0	0.0	0.0	0.0	0.0
100-101	0.0	0.0	0.0	0.0	0.0
102-103	0.0	0.0	0.0	0.0	0.0
104-105	0.0	0.0	0.0	0.0	0.0
106-107	0.0	0.0	0.0	0.0	0.0
108-109	0.0	0.0	0.0	0.0	0.0
110-111	0.0	0.0	0.0	0.0	0.0
112-113	0.0	0.0	0.0	0.0	0.0
114-115	0.0	0.0	0.0	0.0	0.0
116-117	0.0	0.0	0.0	0.0	0.0
118-119	0.0	0.0	0.0	0.0	0.0
120-121	0.0	0.0	0.0	0.0	0.0
122-123	0.0	0.0	0.0	0.0	0.0
124-125	0.0	0.0	0.0	0.0	0.0
126-127	0.0	0.0	0.0	3.222293112670701E-4	0.0
128-129	0.0	0.0	0.0	3.222293112670701E-4	0.0
130-131	0.0	0.0	0.0	3.222293112670701E-4	0.0
132-133	0.0	0.0	0.0	3.222293112670701E-4	0.0
134-135	0.0	0.0	0.0	3.222293112670701E-4	0.0
136-137	0.0	0.0	0.0	6.444586225341402E-4	0.0
138	0.0	0.0	0.0	6.444586225341402E-4	0.0
>>END_MODULE
>>Kmer Content	warn
#Sequence	Count	PValue	Obs/Exp Max	Max Obs/Exp Position
TATAACG	10	0.007816638	140.3342	2
GTTACGC	20	4.400304E-4	105.25065	8
TACGAGC	25	0.0010681965	84.200516	2
GTACGAG	35	0.004057159	60.143227	1
CCTAATC	70	2.05474E-5	50.119354	3
GTGGTCG	60	5.804124E-4	46.778065	9
CCTGTAC	85	0.0032153074	33.01981	3
TAGGACT	220	8.785719E-10	31.894135	4
TCTATAC	200	1.2252713E-8	31.575193	3
GGGTTGC	120	4.907043E-4	29.23629	1
GTAGGAC	170	3.8741746E-6	28.892334	3
TATACTG	170	3.8741746E-6	28.892334	5
TACACTG	195	3.4587174E-7	28.786503	5
ACTCTAC	175	4.854588E-6	28.06684	1
TAGGCTA	100	0.0071190437	28.06684	5
CTACACT	130	7.83627E-4	26.987345	4
GAGTGTG	250	1.0698386E-7	25.260155	7
CTATACT	225	1.2067176E-6	24.948301	4
CTGTACA	145	0.0014816141	24.195549	4
GCCCTAG	175	1.564395E-4	24.057291	1
>>END_MODULE
