##FastQC	0.11.5
>>Basic Statistics	pass
#Measure	Value
Filename	04-R2.qfilter.fastq.gz
File type	Conventional base calls
Encoding	Sanger / Illumina 1.9
Total Sequences	310338
Sequences flagged as poor quality	0
Sequence length	50-150
%GC	40
>>END_MODULE
>>Per base sequence quality	pass
#Base	Mean	Median	Lower Quartile	Upper Quartile	10th Percentile	90th Percentile
1	31.16257757670669	32.0	32.0	33.0	29.0	33.0
2	31.917348181659996	32.0	32.0	33.0	30.0	34.0
3	32.40382743975923	33.0	32.0	33.0	32.0	34.0
4	32.55235259620156	33.0	32.0	33.0	32.0	34.0
5	32.49308495898021	33.0	32.0	33.0	32.0	34.0
6	35.83607550477222	37.0	37.0	37.0	33.0	37.0
7	35.60840438489647	37.0	35.0	37.0	33.0	37.0
8	35.60907139957079	37.0	35.0	37.0	33.0	37.0
9	35.6824172354014	37.0	35.0	37.0	33.0	37.0
10-14	36.386906534165966	37.4	36.2	37.4	34.6	37.4
15-19	37.33775174164943	38.0	38.0	38.0	37.0	38.0
20-24	37.57851890519369	38.4	38.0	38.4	37.0	38.4
25-29	37.986914912128064	39.0	38.0	39.0	37.0	39.0
30-34	37.95439359665913	39.0	38.0	39.0	37.0	39.0
35-39	37.787081826911304	39.0	38.0	39.0	36.4	39.0
40-44	37.86926899058446	39.0	38.0	39.0	36.6	39.0
45-49	37.58403933775432	39.0	37.2	39.0	36.0	39.0
50-54	37.47386768619073	39.0	37.0	39.0	35.8	39.0
55-59	37.51054398850206	39.0	37.0	39.0	36.0	39.0
60-64	37.491760475025906	39.0	37.0	39.0	36.0	39.0
65-69	37.44049713176485	39.0	37.0	39.0	36.0	39.0
70-74	37.38216098535388	38.6	37.0	39.0	35.4	39.0
75-79	37.28258713866468	38.4	37.0	39.0	35.2	39.0
80-84	37.407107914245444	39.0	37.0	39.0	35.8	39.0
85-89	37.35985591917235	38.6	37.0	39.0	35.6	39.0
90-94	37.46430341330979	39.0	37.0	39.0	35.8	39.0
95-99	37.23842892025792	38.4	37.0	39.0	35.0	39.0
100-104	37.404179426052025	38.8	37.0	39.0	35.8	39.0
105-109	37.3788023887999	39.0	37.0	39.0	35.6	39.0
110-114	37.248318303701936	38.2	37.0	39.0	35.0	39.0
115-119	37.40733954519591	38.8	37.0	39.0	35.8	39.0
120-124	37.403221940478566	39.0	37.0	39.0	35.4	39.0
125-129	37.31365929744518	38.2	37.0	39.0	35.0	39.0
130-134	37.33940968755797	38.6	37.0	39.0	35.0	39.0
135-139	37.29930038546935	38.2	37.0	39.0	35.0	39.0
140-144	37.33262100144842	38.6	37.0	39.0	35.0	39.0
145-149	37.24241963107207	38.0	37.0	39.0	34.6	39.0
150	37.81376833599599	39.0	37.0	39.0	36.0	39.0
>>END_MODULE
>>Per tile sequence quality	pass
#Tile	Base	Mean
1101	1	1.0207859031925253
1101	2	0.3120640161769188
1101	3	0.2270126652586626
1101	4	0.3137813985523863
1101	5	0.34362981074087884
1101	6	0.1580556341507986
1101	7	0.1718710356927673
1101	8	0.3300156806455945
1101	9	0.4116387582278307
1101	10-14	0.31424806363860824
1101	15-19	0.22115490001181826
1101	20-24	0.2848029378069441
1101	25-29	0.2611929567499942
1101	30-34	0.41130715488851877
1101	35-39	0.4380049858944375
1101	40-44	0.21065696081953433
1101	45-49	0.39822548764453103
1101	50-54	0.5099950705272533
1101	55-59	0.3895993235288273
1101	60-64	0.5210491974765716
1101	65-69	0.42503224761209424
1101	70-74	0.44667932948368616
1101	75-79	0.569222434154689
1101	80-84	0.4816365253156505
1101	85-89	0.49030984639100694
1101	90-94	0.45680505115722525
1101	95-99	0.6329476596647936
1101	100-104	0.5909403286474557
1101	105-109	0.5119199739539013
1101	110-114	0.6269354536861727
1101	115-119	0.47124010306943376
1101	120-124	0.4690409808489022
1101	125-129	0.6003834073874188
1101	130-134	0.5660985124420108
1101	135-139	0.4422431053848541
1101	140-144	0.544066697883224
1101	145-149	0.6383233093399241
1101	150	0.08771561781890114
1102	1	0.7226842960304083
1102	2	0.2609206659450152
1102	3	0.32812185880125355
1102	4	0.20021939517267384
1102	5	0.3643611234363817
1102	6	0.21904509950871898
1102	7	0.17562467607675813
1102	8	0.2597931228488761
1102	9	0.29606330789884794
1102	10-14	0.2182965301830322
1102	15-19	0.228143358646264
1102	20-24	0.24246733934580078
1102	25-29	0.2402502321248221
1102	30-34	0.40260151364162056
1102	35-39	0.41580349738188005
1102	40-44	0.2970388685605201
1102	45-49	0.3708943834846039
1102	50-54	0.3706788436176254
1102	55-59	0.40965098741357053
1102	60-64	0.6142363526106038
1102	65-69	0.566116900605067
1102	70-74	0.6945901995314685
1102	75-79	0.4056447508537815
1102	80-84	0.16451402192404885
1102	85-89	0.41521999008346455
1102	90-94	0.4454761765081017
1102	95-99	0.565267022897153
1102	100-104	0.40917541852743256
1102	105-109	0.04014701502051565
1102	110-114	0.415906588755405
1102	115-119	0.3758534943011611
1102	120-124	0.39735125152289896
1102	125-129	0.39180685711979635
1102	130-134	0.4537351203516522
1102	135-139	0.42349875861926733
1102	140-144	0.48806345395028217
1102	145-149	0.5555250463320007
1102	150	0.2383666706707004
1103	1	0.17358552169731567
1103	2	0.26816652030694854
1103	3	0.12491349542706587
1103	4	0.2566361219210478
1103	5	0.24961707152578327
1103	6	0.17347912978990365
1103	7	0.383375216812162
1103	8	0.2469236203254468
1103	9	0.45684196687505363
1103	10-14	0.1904666815889442
1103	15-19	0.19820103708894976
1103	20-24	0.36825681303000124
1103	25-29	0.2560180763930262
1103	30-34	0.17965270325949945
1103	35-39	0.2693795608281633
1103	40-44	0.25496244462396334
1103	45-49	0.29864492421999955
1103	50-54	0.4327775455397642
1103	55-59	0.26515064721857584
1103	60-64	0.3603368251485861
1103	65-69	0.3922901487972936
1103	70-74	0.3779174330993911
1103	75-79	0.56244510396008
1103	80-84	0.20378705443831535
1103	85-89	0.16706429997589822
1103	90-94	0.46105525899596955
1103	95-99	0.4823469048470628
1103	100-104	0.43596798585470964
1103	105-109	-0.2397365309388988
1103	110-114	0.41731946850648427
1103	115-119	0.43817459391531344
1103	120-124	0.3322120960028059
1103	125-129	0.3924984766671713
1103	130-134	0.5101187514228442
1103	135-139	0.36095119114488483
1103	140-144	0.4762582921583416
1103	145-149	0.4720460393161332
1103	150	0.22458983544886024
1104	1	0.43846664764492616
1104	2	0.22437611352838616
1104	3	0.19026725843451686
1104	4	0.20181528068075494
1104	5	0.14373718368290156
1104	6	0.1209523175199223
1104	7	0.026022789450820483
1104	8	0.051621502645112116
1104	9	0.06625579473463006
1104	10-14	0.08759571336421601
1104	15-19	0.04556434883070892
1104	20-24	0.09681677698613811
1104	25-29	0.22286081644934796
1104	30-34	0.2806700754325391
1104	35-39	0.19605795654583602
1104	40-44	0.2908526181805513
1104	45-49	0.19172345948895497
1104	50-54	0.3581119106964721
1104	55-59	0.3034938701749752
1104	60-64	0.34974948572470055
1104	65-69	0.39292992499411383
1104	70-74	0.36154196714729636
1104	75-79	0.3097428249506109
1104	80-84	-0.03580578701588877
1104	85-89	0.2451837368018559
1104	90-94	0.3993960785086159
1104	95-99	0.6122848979243756
1104	100-104	0.46511905015044164
1104	105-109	0.331803996061808
1104	110-114	0.29350843773875823
1104	115-119	0.3534093619392351
1104	120-124	0.08315136695668457
1104	125-129	0.16661959001530136
1104	130-134	0.30690608382180073
1104	135-139	0.2964695310679062
1104	140-144	0.3952038151805084
1104	145-149	0.25324144720246267
1104	150	0.05542603441882932
1105	1	0.04779709933186993
1105	2	0.11733803309060775
1105	3	0.13077793294217344
1105	4	0.16433780568543455
1105	5	0.16885551115527164
1105	6	0.12001343346732796
1105	7	0.0630175763130083
1105	8	0.2315375435215401
1105	9	0.44524757526041725
1105	10-14	0.1902584457605343
1105	15-19	0.027364939819008782
1105	20-24	0.08408673847176829
1105	25-29	0.21376381414929568
1105	30-34	0.25465154253954125
1105	35-39	0.2650190961772907
1105	40-44	0.19756876523776867
1105	45-49	0.17160527242531742
1105	50-54	0.2988161173696753
1105	55-59	0.19970168285110645
1105	60-64	0.18711019464061707
1105	65-69	0.24005623581886226
1105	70-74	0.4760394198696929
1105	75-79	0.36224457107238806
1105	80-84	0.24760335445806447
1105	85-89	-0.33932830550305226
1105	90-94	0.17459908359071363
1105	95-99	0.3968858807260176
1105	100-104	0.2349762054985547
1105	105-109	0.3685283319496193
1105	110-114	0.42149984838877685
1105	115-119	0.2900286817702167
1105	120-124	0.44112675794546874
1105	125-129	0.23245788400532064
1105	130-134	0.3707457466183115
1105	135-139	0.2958072969366796
1105	140-144	0.1847435229880503
1105	145-149	0.21532501353773625
1105	150	0.07682659884698495
1106	1	0.272431497966366
1106	2	0.25001577851577395
1106	3	0.1997868689563873
1106	4	0.15116144607799242
1106	5	0.1496793897170079
1106	6	0.1503099540958175
1106	7	0.10556288099443378
1106	8	-0.028895784285644766
1106	9	-0.24290432530629147
1106	10-14	-0.27877792640916255
1106	15-19	0.1468746148581772
1106	20-24	0.18839923511521306
1106	25-29	0.2869772534290007
1106	30-34	0.3940824349501213
1106	35-39	0.35152494416464464
1106	40-44	0.11717931192943354
1106	45-49	-0.06787360406995901
1106	50-54	0.22437360346244617
1106	55-59	0.16900983617194498
1106	60-64	0.16346310103760686
1106	65-69	0.32867053415624525
1106	70-74	0.42016056451957695
1106	75-79	0.40381730289904993
1106	80-84	0.2513474829684128
1106	85-89	0.24775300151554802
1106	90-94	0.039854034774137403
1106	95-99	0.24109735965338075
1106	100-104	0.22197376113925316
1106	105-109	0.05959577995177057
1106	110-114	-1.2050392425396126
1106	115-119	-0.002503639659273915
1106	120-124	0.22345696825605899
1106	125-129	0.2844714628314122
1106	130-134	0.3407074125008194
1106	135-139	0.24319486057036244
1106	140-144	0.22094960989397805
1106	145-149	-0.5749368468348592
1106	150	-0.0015255126177038392
1107	1	0.3178869798436601
1107	2	0.02493240762798976
1107	3	0.031160718180622382
1107	4	-0.0030598891437918496
1107	5	-0.07853795400281172
1107	6	-0.10410838106158593
1107	7	-0.06365684475075284
1107	8	0.17178920895455718
1107	9	0.2931782086536643
1107	10-14	0.12290262467562485
1107	15-19	0.13640670782155695
1107	20-24	-0.36595703862457185
1107	25-29	0.16060192348628988
1107	30-34	0.25194286113951847
1107	35-39	0.28006572830164345
1107	40-44	0.036738057825267845
1107	45-49	-0.42750818850309713
1107	50-54	0.24123814058928872
1107	55-59	-0.025665365170439713
1107	60-64	0.25717333567091316
1107	65-69	0.2654865061956144
1107	70-74	-0.1972338649264458
1107	75-79	-0.18566413323470243
1107	80-84	0.06858415208805724
1107	85-89	0.12413124098535633
1107	90-94	0.04441079140456594
1107	95-99	-0.255105966420885
1107	100-104	-0.16782558947252824
1107	105-109	0.2661225769482627
1107	110-114	-0.9541357777810404
1107	115-119	0.10732595653309573
1107	120-124	0.1989057631676161
1107	125-129	0.02826255375558162
1107	130-134	0.3141600332469636
1107	135-139	0.09481919015326667
1107	140-144	0.035719561136751565
1107	145-149	-0.1315541929518318
1107	150	-0.05269121438581692
1108	1	0.4561112952108317
1108	2	-0.016019973324393533
1108	3	0.036030768764959475
1108	4	0.005856908344433975
1108	5	0.11375229543029519
1108	6	0.06796208815173799
1108	7	-0.022519569327762667
1108	8	-0.1342181170527752
1108	9	-0.08924286233882839
1108	10-14	0.060418061619628816
1108	15-19	0.01998389254159605
1108	20-24	0.1318444614626344
1108	25-29	0.02172664003958147
1108	30-34	-0.06394689989309654
1108	35-39	-1.4861271898912776
1108	40-44	-0.07271877106013136
1108	45-49	-0.028540108963589716
1108	50-54	-0.3948788104782537
1108	55-59	-0.19356409224194948
1108	60-64	0.08652699073229542
1108	65-69	0.11239030577489473
1108	70-74	-0.3401928783743742
1108	75-79	-0.1516117583947505
1108	80-84	-0.3466526022629779
1108	85-89	0.08297411622731232
1108	90-94	-0.10169665768938074
1108	95-99	-1.3234437040605798
1108	100-104	-0.6431671352997981
1108	105-109	0.01682662964988424
1108	110-114	-0.2835231902568722
1108	115-119	-0.006495050460202378
1108	120-124	0.036865364777099785
1108	125-129	0.12526400872021526
1108	130-134	0.010557215093939476
1108	135-139	-0.15097386736205465
1108	140-144	-0.012812203989938098
1108	145-149	0.10946269572247758
1108	150	-0.024348645838784932
1109	1	0.2868246109708785
1109	2	-0.26711031600352086
1109	3	-0.11619384981479897
1109	4	-0.12052698813292295
1109	5	-0.1782518582561039
1109	6	-0.16451654432689367
1109	7	-0.09202991360446333
1109	8	0.2146196495420014
1109	9	0.2078415693250406
1109	10-14	0.1221961589117484
1109	15-19	0.13242578087132983
1109	20-24	0.1092052730290618
1109	25-29	0.1639488622618046
1109	30-34	-0.3648559181852846
1109	35-39	-0.761499024702367
1109	40-44	-0.12912423475532364
1109	45-49	0.002837796619921562
1109	50-54	-0.5536677520350111
1109	55-59	-0.30497734583072855
1109	60-64	-0.19696338552095938
1109	65-69	-0.042025679724041254
1109	70-74	-0.6690364715065513
1109	75-79	-0.007050059150977006
1109	80-84	-0.25800084033308934
1109	85-89	-0.028423320453789813
1109	90-94	-0.1060614879670112
1109	95-99	-1.1104254070005624
1109	100-104	-0.35807001428577223
1109	105-109	-0.2967547230180898
1109	110-114	0.002678772823713871
1109	115-119	-0.06305918972942237
1109	120-124	-0.399588804923809
1109	125-129	-0.2047729866146213
1109	130-134	-0.6659844830790291
1109	135-139	-0.2620155085878437
1109	140-144	0.19567686630421122
1109	145-149	-0.021444445488519648
1109	150	-0.21721703758758082
1110	1	-0.16948932319554189
1110	2	0.0632880088612886
1110	3	-0.027591300612506586
1110	4	-0.13184567684016457
1110	5	-0.08311877913862276
1110	6	0.03712785443980238
1110	7	-0.09682671701620649
1110	8	-0.1400710171502766
1110	9	-0.19386334177945486
1110	10-14	0.12537392110786527
1110	15-19	0.016397311257172476
1110	20-24	-0.12733246073586457
1110	25-29	-0.11919605037951442
1110	30-34	-0.06986480293330288
1110	35-39	0.12698864710945656
1110	40-44	-0.0076242971886841815
1110	45-49	-0.10788287650779438
1110	50-54	-0.48424042168653614
1110	55-59	-0.3321762100175647
1110	60-64	-0.5477422138936063
1110	65-69	-0.4550094326511953
1110	70-74	-0.40272610903686257
1110	75-79	-0.09519025248277302
1110	80-84	-0.3780326887832359
1110	85-89	-0.30990100832541145
1110	90-94	-0.1002675030470499
1110	95-99	-0.17256185269614122
1110	100-104	-0.12192242294759126
1110	105-109	-0.5596963573582059
1110	110-114	-0.286404120399979
1110	115-119	-0.4783119536648215
1110	120-124	-0.5910395152543515
1110	125-129	-0.3938799911304116
1110	130-134	-0.5901267319781383
1110	135-139	-0.563546939784004
1110	140-144	-0.409207442200362
1110	145-149	-0.19292037257381622
1110	150	0.06169428645115005
1111	1	-1.1782881275357937
1111	2	-0.37253998917853437
1111	3	-0.08119434988703489
1111	4	-0.28661542312908495
1111	5	-0.2800910128006464
1111	6	-0.08437385704984735
1111	7	-0.44839027676803056
1111	8	-0.5082447642066512
1111	9	-0.013515960095880075
1111	10-14	-0.11278356038103965
1111	15-19	-0.1419814112786355
1111	20-24	-0.13141681682836293
1111	25-29	-0.06684780836840076
1111	30-34	-0.041585445783717034
1111	35-39	-0.11200765372655042
1111	40-44	-0.17857626671548843
1111	45-49	-0.2992111660080141
1111	50-54	-0.38811762362517754
1111	55-59	-0.503136056392961
1111	60-64	-0.8786313035072482
1111	65-69	-0.7427879630121481
1111	70-74	-0.8996386505642064
1111	75-79	-0.37306385124380625
1111	80-84	-0.5874576860886904
1111	85-89	-0.45448710095097056
1111	90-94	-0.3713242818267375
1111	95-99	-0.46641567587622745
1111	100-104	-0.6761552421275638
1111	105-109	-0.4003153278039733
1111	110-114	-0.305947710473113
1111	115-119	-0.5284696173136325
1111	120-124	-0.5600309909485972
1111	125-129	-0.5376601731664934
1111	130-134	-0.8167911999598374
1111	135-139	-0.5454055473532549
1111	140-144	-0.4397417253762157
1111	145-149	-0.26647767860268345
1111	150	-0.2655481279334282
1112	1	-0.334751399248983
1112	2	-0.2435979109742732
1112	3	-0.10343919372658661
1112	4	-0.33205122668600495
1112	5	-0.3137457061684259
1112	6	-0.1673942421686192
1112	7	-0.2855214754951376
1112	8	-0.2432570397607563
1112	9	-0.4771110293436891
1112	10-14	-0.0721183707729196
1112	15-19	-0.10960474424128819
1112	20-24	-0.2992543517944455
1112	25-29	-0.3173461017669723
1112	30-34	-0.25929954085724916
1112	35-39	-0.2510586293550858
1112	40-44	-0.49736735988138037
1112	45-49	-0.7073484469086182
1112	50-54	-0.6779074400928948
1112	55-59	-0.5848583891189847
1112	60-64	-0.5925743842495308
1112	65-69	-0.6983445763974672
1112	70-74	-0.48870733893792817
1112	75-79	-0.5154716702501432
1112	80-84	-0.6633822983713245
1112	85-89	-0.6767205819748625
1112	90-94	-0.8442090578425194
1112	95-99	-0.3865648156554613
1112	100-104	-0.6815820445093976
1112	105-109	-0.8648978714720172
1112	110-114	-0.5346833844725793
1112	115-119	-0.6476159204980547
1112	120-124	-0.7119667891821351
1112	125-129	-0.5883594768953273
1112	130-134	-0.7443210022338533
1112	135-139	-0.7627478752842123
1112	140-144	-0.8989429886339053
1112	145-149	-0.7284820589748406
1112	150	-0.4363365116745186
1113	1	-0.5710731425357842
1113	2	-0.5120449591279126
1113	3	-0.2889477545099908
1113	4	-0.46265311655400865
1113	5	-0.41965675245916145
1113	6	-0.23640751536607496
1113	7	-0.5183159554137546
1113	8	-0.2812455927003512
1113	9	-0.40532055712180437
1113	10-14	-0.24622938519817694
1113	15-19	-0.3089943977654812
1113	20-24	-0.27341537050928366
1113	25-29	-0.42361502189492484
1113	30-34	-0.6617468096180517
1113	35-39	-0.3418257294739675
1113	40-44	-0.5359843981077077
1113	45-49	-1.0435307174465294
1113	50-54	-0.9253321950440849
1113	55-59	-1.1894309689932854
1113	60-64	-1.103557964524171
1113	65-69	-1.091307682361709
1113	70-74	-0.8672672116884996
1113	75-79	-0.8687260502452432
1113	80-84	-0.9026621721951287
1113	85-89	-0.8044960078033512
1113	90-94	-1.0667105904822876
1113	95-99	-0.7045601495690903
1113	100-104	-1.0195463618810336
1113	105-109	-0.8112948958609749
1113	110-114	-0.815645226325131
1113	115-119	-0.6951925223773472
1113	120-124	-1.0237523689241286
1113	125-129	-0.875342375811833
1113	130-134	-0.7964004114860259
1113	135-139	-0.7805156724377937
1113	140-144	-1.2772744077765381
1113	145-149	-0.8404489841983462
1113	150	-0.4732907843829821
1114	1	-0.9775533033359913
1114	2	-0.9242997734671476
1114	3	-0.5742878681061434
1114	4	-0.34337715523652435
1114	5	-0.4589338811102728
1114	6	-0.4197627970035569
1114	7	-1.1211999990574384
1114	8	-0.4939556671543457
1114	9	-0.6872754031979227
1114	10-14	-0.5453185001768901
1114	15-19	-0.41319570444957066
1114	20-24	-0.5620232886791996
1114	25-29	-0.677378760864535
1114	30-34	-0.6352439587704524
1114	35-39	-0.45698902850472223
1114	40-44	-0.9068120011704934
1114	45-49	-1.1442365894994708
1114	50-54	-1.8475952135082636
1114	55-59	-1.278110728478552
1114	60-64	-1.1300531036048085
1114	65-69	-1.2089601682011946
1114	70-74	-1.1195415547126473
1114	75-79	-1.233361168359444
1114	80-84	-1.2562477835709842
1114	85-89	-1.1647688207712221
1114	90-94	-1.0598470752816027
1114	95-99	-0.9816151422487422
1114	100-104	-1.0497846970289828
1114	105-109	-1.017670509787962
1114	110-114	-1.2837123985164283
1114	115-119	-1.1948571866437732
1114	120-124	-1.0213446249713058
1114	125-129	-1.0233897054520398
1114	130-134	-1.0895366256769208
1114	135-139	-1.3191408658798807
1114	140-144	-1.2996000808293076
1114	145-149	-1.5281670122260849
1114	150	-0.41082322127846993
2101	1	0.9105416969029001
2101	2	0.29669131808872606
2101	3	0.11122363990103423
2101	4	0.33454053033434406
2101	5	0.3905158744251125
2101	6	0.2476538410686402
2101	7	0.3895710671036454
2101	8	0.2414463131755511
2101	9	0.3290733943141362
2101	10-14	0.209088160959098
2101	15-19	0.08686380100365909
2101	20-24	0.24481129629560883
2101	25-29	0.24596373717728426
2101	30-34	0.25172550523164716
2101	35-39	0.3374805838990511
2101	40-44	0.3225451806744033
2101	45-49	0.54389344801357
2101	50-54	0.7259096750447824
2101	55-59	0.465112526499027
2101	60-64	0.493429897871998
2101	65-69	0.5332031378402036
2101	70-74	0.6090950633522638
2101	75-79	0.7355098261363295
2101	80-84	0.6217948323026548
2101	85-89	0.44769325877284416
2101	90-94	0.521739214955808
2101	95-99	0.7982036027256996
2101	100-104	0.4186226631506216
2101	105-109	0.5331469901191923
2101	110-114	0.6282757053260326
2101	115-119	0.5800022901911746
2101	120-124	0.5747364048044545
2101	125-129	0.5604739349070655
2101	130-134	0.6803214671298079
2101	135-139	0.6504442267137378
2101	140-144	0.5643745685007957
2101	145-149	0.5450474753771246
2101	150	0.33420732597227243
2102	1	0.31549708783625974
2102	2	0.38044289854255453
2102	3	0.23600073711159553
2102	4	0.35621098153757913
2102	5	0.31153475814599574
2102	6	0.2193204198333305
2102	7	0.13938587901478883
2102	8	0.33391349366492307
2102	9	0.31676046516835754
2102	10-14	0.08890752951879222
2102	15-19	0.19426538523489967
2102	20-24	0.24029741087132805
2102	25-29	0.1510887076588432
2102	30-34	0.25251044614963547
2102	35-39	0.3241167271973424
2102	40-44	0.34219987319091416
2102	45-49	0.5880550223047649
2102	50-54	0.6567793235384656
2102	55-59	0.5513852980543703
2102	60-64	0.5318595952111309
2102	65-69	0.5498411546931976
2102	70-74	0.7351136640703118
2102	75-79	0.6868565640508066
2102	80-84	0.5833523945153445
2102	85-89	0.4897865407407451
2102	90-94	0.5495916953109159
2102	95-99	0.7042097850058298
2102	100-104	0.5204431408524641
2102	105-109	0.6524853640588688
2102	110-114	0.815801408304111
2102	115-119	0.40513788561887765
2102	120-124	0.5117958018899458
2102	125-129	0.6014047163134677
2102	130-134	0.5712124857250913
2102	135-139	0.5638176266821304
2102	140-144	0.6095455285221192
2102	145-149	0.6605545027690951
2102	150	0.23854435903110982
2103	1	0.3707210883253005
2103	2	0.4590579082955486
2103	3	0.234992347165786
2103	4	0.09773325629554819
2103	5	0.18005152060802487
2103	6	0.09098309621947465
2103	7	0.3016437024990637
2103	8	0.19650318656572807
2103	9	-0.04298517402506974
2103	10-14	-0.022850570060221287
2103	15-19	0.08264864212223699
2103	20-24	0.2225194355021074
2103	25-29	0.06941255744512631
2103	30-34	0.12890396678955085
2103	35-39	0.08863756767721753
2103	40-44	0.19170969766739887
2103	45-49	0.5391138570081253
2103	50-54	0.5140422927996369
2103	55-59	0.190040474252001
2103	60-64	0.43756814685728784
2103	65-69	0.3294905642967194
2103	70-74	0.5256080297482981
2103	75-79	0.5187671792239499
2103	80-84	0.42888651075389816
2103	85-89	0.24253401018421528
2103	90-94	0.4667801715518607
2103	95-99	0.7089614241748947
2103	100-104	0.24760460500778692
2103	105-109	0.4775084731078252
2103	110-114	0.7910778145063588
2103	115-119	0.29887106217827153
2103	120-124	0.43666355434643833
2103	125-129	0.4991219742889186
2103	130-134	0.546691471461223
2103	135-139	0.5443758944829327
2103	140-144	0.2763484404386034
2103	145-149	0.5727709543974058
2103	150	0.34667700949785996
2104	1	0.7436842062360398
2104	2	0.4929627894821138
2104	3	0.27610148545621627
2104	4	0.20610342075408994
2104	5	0.3826686990881427
2104	6	0.2507784301814837
2104	7	0.3286846686936684
2104	8	0.18790823923236388
2104	9	0.15670244427654012
2104	10-14	0.09347836378407948
2104	15-19	0.17283092412132817
2104	20-24	0.3454763487143424
2104	25-29	0.2144222781394447
2104	30-34	0.2966739876760798
2104	35-39	0.30670104200468984
2104	40-44	0.24246863439675792
2104	45-49	0.42411979728699123
2104	50-54	0.4661999888652417
2104	55-59	0.5104698110828139
2104	60-64	0.6047444617733859
2104	65-69	0.5854372472204119
2104	70-74	0.43396967434907907
2104	75-79	0.7296964614270607
2104	80-84	0.31681966190314625
2104	85-89	0.25006604384828535
2104	90-94	0.48874301601290426
2104	95-99	0.5708549962574025
2104	100-104	0.3881540727320214
2104	105-109	0.629994440091707
2104	110-114	0.8106734132501288
2104	115-119	0.4198826855917659
2104	120-124	0.40004942103617935
2104	125-129	0.3281291686510954
2104	130-134	0.4195940650053629
2104	135-139	0.44240626689034457
2104	140-144	0.46902486893636564
2104	145-149	0.501312598153838
2104	150	0.25337990804858634
2105	1	-0.30844821246110854
2105	2	0.14692368515165555
2105	3	0.17233232606427862
2105	4	0.17426288806835544
2105	5	0.11441416355307155
2105	6	0.32632485552418444
2105	7	0.0010773020725380889
2105	8	-0.11757149735328909
2105	9	0.08443324231269855
2105	10-14	0.12074759557537362
2105	15-19	0.10740967103215127
2105	20-24	0.18875391917627127
2105	25-29	0.11070984513596471
2105	30-34	0.24778853105305387
2105	35-39	0.06679820357022948
2105	40-44	0.005990204253457421
2105	45-49	0.2965487659242356
2105	50-54	0.1722651774551025
2105	55-59	0.29391546895213594
2105	60-64	0.25961109830880247
2105	65-69	0.2188435145447798
2105	70-74	0.30205417868597806
2105	75-79	0.37645148219601765
2105	80-84	0.4163029136702434
2105	85-89	-0.15507607420645542
2105	90-94	0.2768876992909881
2105	95-99	0.663471208172588
2105	100-104	0.2813435482222033
2105	105-109	0.3927317963706898
2105	110-114	0.49880320390819577
2105	115-119	0.086188332392517
2105	120-124	-0.13398080259656808
2105	125-129	-0.1517083762631657
2105	130-134	0.11289316314996256
2105	135-139	0.02984336480152905
2105	140-144	0.2088511428289621
2105	145-149	0.2858551076343616
2105	150	0.1594289175674959
2106	1	0.2594711537431067
2106	2	0.1636735132656426
2106	3	-0.024093015496760017
2106	4	0.010041995288140981
2106	5	0.21336915366784126
2106	6	0.3404642985849833
2106	7	0.07733306845591414
2106	8	0.3176239106513279
2106	9	0.10229854644395431
2106	10-14	0.11517786120702311
2106	15-19	0.09723116634059892
2106	20-24	0.11536347118855161
2106	25-29	0.08050058639972946
2106	30-34	0.23430833146559138
2106	35-39	0.1909491437367805
2106	40-44	0.13632926902238296
2106	45-49	0.30746342772960134
2106	50-54	0.46596772789555274
2106	55-59	0.4205369197624833
2106	60-64	0.18782535707585168
2106	65-69	-0.04236247186675968
2106	70-74	0.5388358340042814
2106	75-79	0.3741263742460532
2106	80-84	0.1269674866953494
2106	85-89	-0.30042860855262177
2106	90-94	0.30881775113382304
2106	95-99	0.7379435077184411
2106	100-104	0.19286382533202584
2106	105-109	-0.4153909600975325
2106	110-114	-1.048637059691174
2106	115-119	0.4044329196871175
2106	120-124	0.4524493086091681
2106	125-129	0.3925967654740177
2106	130-134	0.4911078603799339
2106	135-139	0.45336723034794346
2106	140-144	0.2611643448415961
2106	145-149	-0.28850615044905226
2106	150	0.04206983939869957
2107	1	-0.2669656278660888
2107	2	-0.42383890336554586
2107	3	-0.16738803465384677
2107	4	0.03972838666035727
2107	5	0.0931761637430526
2107	6	-0.13324082416228578
2107	7	0.15753741072921912
2107	8	0.05251819190576157
2107	9	0.21417594107997218
2107	10-14	0.12046237944172589
2107	15-19	-0.012551719994014832
2107	20-24	-0.06434420583713063
2107	25-29	-0.042553195351366924
2107	30-34	0.13342568636838337
2107	35-39	0.1656107018466173
2107	40-44	0.34758512257709384
2107	45-49	0.4214693877125697
2107	50-54	0.35567456412898935
2107	55-59	0.3163640251214588
2107	60-64	0.08289710532535821
2107	65-69	-0.554560079361913
2107	70-74	-0.3366439928016334
2107	75-79	-1.5922396176689304
2107	80-84	0.15212194339915186
2107	85-89	0.46249807665569165
2107	90-94	0.4651803238093706
2107	95-99	0.6921299774582153
2107	100-104	0.27740012826784266
2107	105-109	0.46833679668428374
2107	110-114	0.26622066481357365
2107	115-119	0.2623211203896716
2107	120-124	0.27581683124384426
2107	125-129	-0.4657188827180292
2107	130-134	-0.11799047814117358
2107	135-139	0.30619415519027626
2107	140-144	0.310997015149276
2107	145-149	0.4026918872751182
2107	150	0.2762265860299138
2108	1	0.32161846745117373
2108	2	0.0716774497845023
2108	3	0.09789320668724599
2108	4	0.06092436790066813
2108	5	-0.08020725015020247
2108	6	0.0401384847670343
2108	7	0.1653142648901138
2108	8	-0.015585212135576398
2108	9	0.07441423423597371
2108	10-14	0.12572658518251245
2108	15-19	-0.055884129710463526
2108	20-24	-0.029455706919819136
2108	25-29	0.08938527123935813
2108	30-34	0.18115615443689137
2108	35-39	0.06502143427480434
2108	40-44	0.10607654833369651
2108	45-49	0.15662901949730923
2108	50-54	0.29133644330012487
2108	55-59	0.27330530879153514
2108	60-64	0.08676799452936024
2108	65-69	0.08529732111519195
2108	70-74	-0.054127771898883736
2108	75-79	-1.2390455697758043
2108	80-84	0.17689624862020992
2108	85-89	0.3102923144248635
2108	90-94	-0.06784458680161976
2108	95-99	-0.9115331008046681
2108	100-104	0.2992011369388763
2108	105-109	0.4299984810023929
2108	110-114	0.6505954082830101
2108	115-119	0.316024396523062
2108	120-124	0.3655038828189987
2108	125-129	0.29969892790844455
2108	130-134	0.27023567060263787
2108	135-139	0.21382284264287676
2108	140-144	0.15750113491516515
2108	145-149	0.21526951555027551
2108	150	0.10722116239402624
2109	1	-0.6352753423865245
2109	2	0.104435972455029
2109	3	-0.1307480675148014
2109	4	0.033284748526433816
2109	5	0.006440732481024725
2109	6	0.08853336325166339
2109	7	0.16826514400778336
2109	8	0.07597193934800828
2109	9	0.15350639907956065
2109	10-14	0.024457115603233603
2109	15-19	0.04757287780157071
2109	20-24	0.0775477333396708
2109	25-29	0.0356679010788028
2109	30-34	-0.7338396278264909
2109	35-39	0.06635144258735437
2109	40-44	0.007156104526380602
2109	45-49	-0.049078523106445004
2109	50-54	-0.12158946890244948
2109	55-59	0.26416354994486113
2109	60-64	0.32418947129117726
2109	65-69	0.24940961911066495
2109	70-74	0.2927770770199345
2109	75-79	-0.06518506253390655
2109	80-84	0.32983845220554997
2109	85-89	0.31059413565555616
2109	90-94	-0.14027141866891668
2109	95-99	-0.7551006905689874
2109	100-104	0.21603847750554195
2109	105-109	0.30665921394778906
2109	110-114	0.5740270058440302
2109	115-119	0.2373873031641125
2109	120-124	0.09823303991566945
2109	125-129	0.03771042815187542
2109	130-134	0.14941214830611926
2109	135-139	-0.020535705565038143
2109	140-144	0.1435404219301546
2109	145-149	0.3481768177081719
2109	150	0.08210716675965557
2110	1	0.47151460186662675
2110	2	0.1337480849923729
2110	3	-0.004211538077747434
2110	4	0.08862185711335968
2110	5	-0.2738112124115446
2110	6	0.07544369424169162
2110	7	0.23758306274306307
2110	8	-0.16203072856319523
2110	9	0.03410083615397497
2110	10-14	-0.07241672453523762
2110	15-19	-0.010392821532931862
2110	20-24	0.054485368159220116
2110	25-29	-0.01875491507418303
2110	30-34	-0.18770350555825388
2110	35-39	0.20730571694123512
2110	40-44	-0.04843677075427166
2110	45-49	-0.06993379811076039
2110	50-54	-0.22510763431296965
2110	55-59	-0.0429790870019815
2110	60-64	-0.06989595621753608
2110	65-69	0.24013824701760456
2110	70-74	0.16637541441747317
2110	75-79	0.28633452731970976
2110	80-84	0.23874612327598044
2110	85-89	0.12772973223216155
2110	90-94	-0.3438228143725368
2110	95-99	-0.6091277802477606
2110	100-104	0.13666527195125155
2110	105-109	0.11839984939177128
2110	110-114	0.3327966171574488
2110	115-119	-0.1606640965633872
2110	120-124	-0.061268060178861106
2110	125-129	-0.04593572003017954
2110	130-134	-0.039966168056743356
2110	135-139	-0.043812338018611285
2110	140-144	0.1275165846156483
2110	145-149	0.03944583985993688
2110	150	-0.030820980343484905
2111	1	-0.030512051001554852
2111	2	-0.17469577241115175
2111	3	-0.1248461777284291
2111	4	-0.08174407514696469
2111	5	-0.3424881916321141
2111	6	-0.199448051176212
2111	7	0.24434613726397458
2111	8	-0.2662342744113957
2111	9	-0.3055348656171333
2111	10-14	-0.14882675748820873
2111	15-19	0.0061798883266348525
2111	20-24	-0.006893391247814407
2111	25-29	-0.15408766741855828
2111	30-34	-0.43443044982870305
2111	35-39	-0.04415084051766627
2111	40-44	-0.056248802672349996
2111	45-49	-0.23262159825056017
2111	50-54	-0.13202913761744384
2111	55-59	-0.09223530760490206
2111	60-64	-0.46704018601574404
2111	65-69	-0.20090908227999194
2111	70-74	-0.17250587469552414
2111	75-79	0.16637345914736557
2111	80-84	0.1066559468914079
2111	85-89	0.30018404258050424
2111	90-94	0.18126182072121821
2111	95-99	0.3141923915968974
2111	100-104	0.2099778994340724
2111	105-109	0.11581352434643577
2111	110-114	0.1796661530600261
2111	115-119	0.020079104010896742
2111	120-124	0.08032901908988777
2111	125-129	0.2803736407312982
2111	130-134	0.12218518308257842
2111	135-139	0.1929202322857435
2111	140-144	0.07829497145587538
2111	145-149	0.21375471684218894
2111	150	-0.164007934654272
2112	1	-0.8715278059382001
2112	2	-0.3367705252007731
2112	3	-0.32397375945149065
2112	4	-0.22368970398363786
2112	5	-0.0709423329729475
2112	6	-0.32610594830040185
2112	7	-0.21690458093131326
2112	8	-0.09837162359038132
2112	9	-0.005397274519737039
2112	10-14	-0.26193208271726576
2112	15-19	-0.476137690070054
2112	20-24	-0.4271480103775076
2112	25-29	-0.3214816013143533
2112	30-34	-0.004114443901706011
2112	35-39	-0.03643001436628168
2112	40-44	0.005905783193561831
2112	45-49	0.07138517546500367
2112	50-54	0.06407893179515867
2112	55-59	-0.024184757851706706
2112	60-64	0.05486336726651331
2112	65-69	0.10771030923358182
2112	70-74	-0.02645034689579262
2112	75-79	0.2040153258335664
2112	80-84	0.03880883428494997
2112	85-89	0.04740895487349661
2112	90-94	-0.17495443016063206
2112	95-99	0.1583041485765193
2112	100-104	-0.07039519480897383
2112	105-109	-0.24638131408297426
2112	110-114	-0.019458492476310596
2112	115-119	-0.15570738501500614
2112	120-124	-0.1219961314989817
2112	125-129	-0.28602486092682256
2112	130-134	-0.2669204765601023
2112	135-139	-0.27924067665336594
2112	140-144	-0.03516040510541529
2112	145-149	-0.23197755607849047
2112	150	-0.05903942727447742
2113	1	-0.702147933032844
2113	2	-0.2630391542471493
2113	3	-0.1398780985902519
2113	4	-0.43496137135409896
2113	5	-0.24429159605060846
2113	6	-0.43014640435799834
2113	7	-0.17483975648465133
2113	8	-0.4372487826028788
2113	9	-0.4167554568809777
2113	10-14	-0.3325204876486225
2113	15-19	-0.2692811710625094
2113	20-24	-0.2627715877723844
2113	25-29	-0.3559578251409903
2113	30-34	-0.2853277136533805
2113	35-39	-0.2838818389056428
2113	40-44	-0.19118030952166976
2113	45-49	-0.28419349652988757
2113	50-54	-0.0936712178140553
2113	55-59	-0.11168231848710519
2113	60-64	-0.327000669234053
2113	65-69	-0.12511556954241598
2113	70-74	-0.4168934069901198
2113	75-79	-0.325012976343821
2113	80-84	-0.32593520458453895
2113	85-89	-0.31111887082002454
2113	90-94	-0.17120987954303502
2113	95-99	-0.19493903141454894
2113	100-104	-0.3130456059640849
2113	105-109	-0.25560373048713814
2113	110-114	-0.2459320392797082
2113	115-119	-0.5067941826830022
2113	120-124	-0.3821169377595055
2113	125-129	-0.2946168511556664
2113	130-134	-0.6191679615742487
2113	135-139	-0.3525961554682624
2113	140-144	-0.5577488688970504
2113	145-149	-0.5844951866828225
2113	150	-0.4029204140126055
2114	1	-1.0835898857117208
2114	2	-0.23675788681039833
2114	3	-0.2898223009812426
2114	4	-0.27473616270665246
2114	5	-0.40172692424739864
2114	6	-0.461081429823075
2114	7	-0.09601079396402667
2114	8	0.014744497940377244
2114	9	-0.7626264338140061
2114	10-14	-0.23602742673425325
2114	15-19	-0.1694954576247767
2114	20-24	-0.4451223291682709
2114	25-29	-0.3272725117839954
2114	30-34	-0.15944177821240402
2114	35-39	-0.38784703069509163
2114	40-44	-0.48889023318579916
2114	45-49	-0.32065011092091567
2114	50-54	-0.30410844150853933
2114	55-59	-0.3388991026293553
2114	60-64	-0.2899428117847691
2114	65-69	-0.4609612136276695
2114	70-74	-0.3897923762693196
2114	75-79	-0.03962601778696495
2114	80-84	-0.2004868765048471
2114	85-89	-0.21667464258692348
2114	90-94	-0.7323783840427396
2114	95-99	-0.4077074508354954
2114	100-104	-0.4449732108866513
2114	105-109	-0.612277011748958
2114	110-114	-0.7426673221403917
2114	115-119	-0.6266885466680989
2114	120-124	-0.3706027869939845
2114	125-129	-0.3538643967636119
2114	130-134	-0.48947685159512844
2114	135-139	-0.4736446215204708
2114	140-144	-0.8173527188209704
2114	145-149	-0.6393924819566195
2114	150	-0.045911506370792665
>>END_MODULE
>>Per sequence quality scores	pass
#Quality	Count
29	2.0
30	12.0
31	183.0
32	1094.0
33	4613.0
34	14834.0
35	35692.0
36	65715.0
37	112343.0
38	75850.0
>>END_MODULE
>>Per base sequence content	fail
#Base	G	A	T	C
1	41.91301097513034	20.53212948462644	11.952451842829431	25.60240769741379
2	14.984307432541295	20.797646437110508	38.81187608349606	25.406170046852143
3	18.023896525723565	23.739600048978858	30.46452577512261	27.77197765017497
4	12.384561349238572	15.743801919197779	38.31693186138984	33.554704870173815
5	12.92042869387571	36.987735952413175	36.72640798097559	13.365427372735533
6	31.668052252705113	37.89867821536518	17.41327198087247	13.019997551057234
7	27.612796370409036	32.1085397212072	22.41845987278387	17.860204035599896
8	24.42981523371292	37.065715445739805	21.129220398404318	17.375248922142955
9	23.4015815014597	17.080409102333586	21.471427926969948	38.04658146923677
10-14	22.241298197449233	25.069053741404534	30.017464828670676	22.67218323247556
15-19	20.354774471705046	30.812404539566536	27.63058342839098	21.20223756033744
20-24	20.37507491831487	29.45846141948456	29.331116395671813	20.835347266528753
25-29	20.17348826118619	29.542949944898787	29.35644361953741	20.927118174377615
30-34	20.139911966952162	29.850163370260812	29.49538889855577	20.514535764231255
35-39	20.06799038467735	29.971966049919764	29.46774162364905	20.49230194175383
40-44	19.892890976934826	30.046143237373446	29.693366587398256	20.367599198293473
45-49	19.852676758888695	30.302122202244004	29.57207947463733	20.273121564229967
50-54	19.922689674150572	30.070220308529066	29.81070624989883	20.196383767421533
55-59	19.882151308600047	30.27560922558446	29.802982774750973	20.039256691064516
60-64	19.81558695826515	30.23263058337592	29.925032492989402	20.026749965369532
65-69	19.656369881988663	30.253979604088844	30.00525225233081	20.08439826159168
70-74	19.690357983642297	30.409812717838136	30.028980502233534	19.870848796286037
75-79	19.479410106680632	30.4672185272815	30.032588618202567	20.0207827478353
80-84	19.509934404411066	30.32516790345761	30.192005502647866	19.972892189483453
85-89	19.596544032278747	30.506345881534575	30.07282693314387	19.824283153042817
90-94	19.3964119822464	30.569589928532288	30.261024992181873	19.77297309703944
95-99	19.35010672766083	30.439237960865313	30.34374670453347	19.866908606940388
100-104	19.356155565595092	30.45634129704926	30.463058929135627	19.724444208220017
105-109	19.544023191807717	30.532886124062397	30.288497884338867	19.63459279979102
110-114	19.388562378382655	30.69869022207955	30.335074328261474	19.577673071276323
115-119	19.34419796118275	30.59585500233299	30.526715056903335	19.533231979580925
120-124	19.262954820201564	30.777210916311205	30.44821203750681	19.51162222598042
125-129	19.34486480643372	30.529471704651854	30.731598366454126	19.3940651224603
130-134	19.42058093671242	30.660225806816182	30.51080194840316	19.408391308068243
135-139	19.404460273154616	30.173980017438197	30.676619943354584	19.74493976605261
140-144	19.583254486358154	30.30741567263903	30.481059636656465	19.62827020434635
145-149	19.48770596120887	29.518165311975018	30.675705486076936	20.31842324073917
150	19.163178811444567	28.699877209891866	31.788114445662075	20.348829533001492
>>END_MODULE
>>Per sequence GC content	fail
#GC Content	Count
0	1.0
1	0.5
2	0.0
3	0.0
4	0.0
5	0.5
6	1.5
7	2.5
8	2.0
9	3.0
10	6.0
11	9.0
12	15.0
13	19.5
14	29.0
15	72.5
16	130.5
17	166.5
18	288.0
19	501.5
20	657.5
21	878.5
22	1253.0
23	1884.0
24	2669.5
25	3570.0
26	4726.5
27	5734.5
28	6871.5
29	8235.0
30	9379.5
31	10277.5
32	11245.0
33	11915.5
34	12034.0
35	12272.0
36	12639.0
37	12823.5
38	12482.0
39	12063.5
40	11834.5
41	11632.5
42	11517.0
43	10992.0
44	10133.0
45	9518.5
46	8862.0
47	7912.5
48	7399.0
49	7204.0
50	6721.0
51	6351.0
52	5800.0
53	5228.5
54	4734.0
55	4135.0
56	3789.5
57	3602.0
58	3467.5
59	3263.0
60	3015.0
61	2819.0
62	2600.0
63	2299.5
64	2147.5
65	1997.5
66	1735.5
67	1493.0
68	1296.0
69	1168.5
70	1007.5
71	869.5
72	737.5
73	575.5
74	461.5
75	376.5
76	352.5
77	309.5
78	231.0
79	160.0
80	112.0
81	90.5
82	80.0
83	63.0
84	48.0
85	36.5
86	29.0
87	22.0
88	16.0
89	14.5
90	13.0
91	12.5
92	9.0
93	4.0
94	3.0
95	1.5
96	0.0
97	0.0
98	0.0
99	0.0
100	0.5
>>END_MODULE
>>Per base N content	pass
#Base	N-Count
1	0.0
2	0.0
3	0.0
4	0.0
5	0.0
6	0.0
7	0.0
8	0.0
9	0.0
10-14	0.0
15-19	0.0
20-24	0.0
25-29	0.0
30-34	0.0
35-39	0.0
40-44	0.0
45-49	0.0
50-54	0.0
55-59	0.0
60-64	0.0
65-69	0.0
70-74	0.0
75-79	0.0
80-84	0.0
85-89	0.0
90-94	0.0
95-99	0.0
100-104	0.0
105-109	0.0
110-114	0.0
115-119	0.0
120-124	0.0
125-129	0.0
130-134	0.0
135-139	0.0
140-144	0.0
145-149	0.0
150	0.0
>>END_MODULE
>>Sequence Length Distribution	warn
#Length	Count
50-54	3638.0
55-59	3508.0
60-64	3591.0
65-69	3631.0
70-74	4529.0
75-79	3874.0
80-84	3740.0
85-89	3620.0
90-94	3536.0
95-99	4175.0
100-104	3780.0
105-109	3996.0
110-114	4458.0
115-119	3337.0
120-124	3730.0
125-129	3947.0
130-134	3830.0
135-139	3982.0
140-144	3969.0
145-149	10250.0
150-151	227217.0
>>END_MODULE
>>Sequence Duplication Levels	warn
#Total Deduplicated Percentage	51.29490810359052
#Duplication Level	Percentage of deduplicated	Percentage of total
1	67.49398538095674	34.620977776612584
2	14.52714284299706	14.903369142785335
3	6.632602593272729	10.206562215286825
4	3.735961425609381	7.665431920207691
5	2.236298772177418	5.735537000550647
6	1.477059964212915	4.54593930766765
7	0.9569198453916695	3.4359580872307416
8	0.6917337413833486	2.8385934957129377
9	0.47859805750058565	2.2094679040244527
>10	1.7609292591994286	13.580836309466573
>50	0.008768117298766387	0.25732684045461507
>100	0.0	0.0
>500	0.0	0.0
>1k	0.0	0.0
>5k	0.0	0.0
>10k+	0.0	0.0
>>END_MODULE
>>Overrepresented sequences	pass
>>END_MODULE
>>Adapter Content	pass
#Position	Illumina Universal Adapter	Illumina Small RNA 3' Adapter	Illumina Small RNA 5' Adapter	Nextera Transposase Sequence	SOLID Small RNA Adapter
1	0.0	0.0	0.0	0.0	0.0
2	0.0	0.0	0.0	0.0	0.0
3	0.0	0.0	0.0	0.0	0.0
4	0.0	0.0	0.0	0.0	0.0
5	0.0	0.0	0.0	0.0	0.0
6	0.0	0.0	0.0	0.0	0.0
7	0.0	0.0	0.0	0.0	0.0
8	0.0	0.0	0.0	0.0	0.0
9	0.0	0.0	0.0	0.0	0.0
10-11	0.0	0.0	0.0	0.0	0.0
12-13	0.0	0.0	0.0	0.0	0.0
14-15	0.0	0.0	0.0	0.0	0.0
16-17	0.0	0.0	0.0	0.0	0.0
18-19	0.0	0.0	0.0	0.0	0.0
20-21	0.0	0.0	0.0	0.0	0.0
22-23	0.0	0.0	0.0	0.0	0.0
24-25	0.0	0.0	0.0	0.0	0.0
26-27	0.0	0.0	0.0	0.0	0.0
28-29	0.0	0.0	0.0	0.0	0.0
30-31	0.0	0.0	0.0	0.0	0.0
32-33	0.0	0.0	0.0	0.0	0.0
34-35	0.0	0.0	0.0	0.0	0.0
36-37	0.0	0.0	0.0	0.0	0.0
38-39	0.0	0.0	0.0	0.0	0.0
40-41	0.0	0.0	0.0	0.0	0.0
42-43	0.0	0.0	0.0	0.0	0.0
44-45	0.0	0.0	0.0	0.0	0.0
46-47	0.0	0.0	0.0	0.0	0.0
48-49	0.0	0.0	0.0	0.0	0.0
50-51	0.0	0.0	0.0	0.0	0.0
52-53	0.0	0.0	0.0	0.0	0.0
54-55	0.0	0.0	0.0	0.0	0.0
56-57	0.0	0.0	0.0	0.0	0.0
58-59	0.0	0.0	0.0	0.0	0.0
60-61	0.0	0.0	0.0	0.0	0.0
62-63	0.0	0.0	0.0	0.0	0.0
64-65	0.0	0.0	0.0	0.0	0.0
66-67	0.0	0.0	0.0	0.0	0.0
68-69	0.0	0.0	0.0	0.0	0.0
70-71	0.0	0.0	0.0	0.0	0.0
72-73	0.0	0.0	0.0	0.0	0.0
74-75	0.0	0.0	0.0	0.0	0.0
76-77	0.0	0.0	0.0	0.0	0.0
78-79	0.0	0.0	0.0	0.0	0.0
80-81	0.0	0.0	0.0	0.0	0.0
82-83	0.0	0.0	0.0	0.0	0.0
84-85	0.0	0.0	0.0	0.0	0.0
86-87	0.0	0.0	0.0	0.0	0.0
88-89	0.0	0.0	0.0	0.0	0.0
90-91	0.0	0.0	0.0	0.0	0.0
92-93	0.0	0.0	0.0	0.0	0.0
94-95	0.0	0.0	0.0	0.0	0.0
96-97	0.0	0.0	0.0	0.0	0.0
98-99	0.0	0.0	0.0	0.0	0.0
100-101	0.0	0.0	0.0	0.0	0.0
102-103	0.0	0.0	0.0	0.0	0.0
104-105	0.0	0.0	0.0	0.0	0.0
106-107	0.0	0.0	0.0	0.0	0.0
108-109	0.0	0.0	0.0	0.0	0.0
110-111	0.0	0.0	0.0	0.0	0.0
112-113	0.0	0.0	0.0	0.0	0.0
114-115	0.0	0.0	0.0	0.0	0.0
116-117	0.0	0.0	0.0	0.0	0.0
118-119	0.0	0.0	0.0	0.0	0.0
120-121	0.0	0.0	0.0	0.0	0.0
122-123	0.0	0.0	0.0	0.0	0.0
124-125	0.0	0.0	0.0	0.0	0.0
126-127	0.0	0.0	0.0	0.0	0.0
128-129	0.0	0.0	0.0	0.0	0.0
130-131	0.0	0.0	0.0	0.0	0.0
132-133	0.0	0.0	0.0	0.0	0.0
134-135	0.0	0.0	0.0	0.0	0.0
136-137	0.0	0.0	0.0	0.0	0.0
138	0.0	0.0	0.0	0.0	0.0
>>END_MODULE
>>Kmer Content	warn
#Sequence	Count	PValue	Obs/Exp Max	Max Obs/Exp Position
GTGTACG	35	0.00521185	56.456238	1
GTCGCAG	40	0.008837491	49.39921	1
AACCACG	55	5.162879E-4	47.902264	7
GTAGAGC	120	4.1778003E-7	38.42161	6
CGTACCC	70	0.001691811	37.637493	3
CTAGCAC	145	4.4738044E-8	36.33965	3
GTACATC	80	0.0032571387	32.932808	3
CCTACAC	100	2.4417386E-4	32.932804	3
GCATTGT	100	2.4417386E-4	32.932804	1
ACGCATG	85	0.004382722	30.995584	5
TCCCTAG	85	0.004382722	30.995584	1
GTCCTAA	130	3.18197E-5	30.399513	1
ACCACGT	110	4.269974E-4	29.938915	8
TCCGCAC	90	0.005795962	29.273605	3
TATACAG	250	2.1282176E-10	28.980871	5
GTCTAGC	115	5.5391307E-4	28.637222	1
TGTAGGG	115	5.5391307E-4	28.637222	3
GAACCTA	115	5.5391307E-4	28.637222	6
CTAGAGC	165	5.024498E-6	27.94299	3
GCCGCTA	20	0.0074216216	27.83534	65-69
>>END_MODULE
